2
31
73
127
179
233
283
353
419
467
547
607
661
739
811
877
947
1019
1087
1153
1223
1291
1373
1451
1511
1583
1657
1733
1811
1889
1987
2053
2129
2213
2287
2357
2423
2531
2617
2687
2741
2819
2903
2999
3079
3181
3257
3331
3413
3511
3571
3643
3727
3821
3907
3989
4057
4139
4231
4297
4409
4493
4583
4657
4751
4831
4937
5003
5087
5179
5279
5387
5443
5521
5639
5693
5791
5857
5939
6053
6131
6217
6299
6361
6469
6569
6661
6737
6829
6911
6991
7079
7193
7283
7393
7489
7559
7639
7717
7823
7907
8011
8101
8209
8287
8377
8467
8581
8669
8737
8821
8923
9007
9103
9187
9281
9371
9437
9521
9629
9721
9803
9883
9973
10093
10169
10267
10337
10457
10559
10651
10733
10853
10939
11057
11131
11243
11321
11437
11519
11621
11731
11827
11923
11987
12101
12197
12277
12379
12473
12541
12619
12713
12821
12917
13001
13099
13177
13291
13397
13477
13597
13691
13759
13873
13933
14057
14173
14303
14407
14489
14563
14669
14753
14831
14929
15053
15137
15233
15307
15383
15473
15583
15667
15761
15859
15937
16063
16139
16249
16363
16453
16567
16661
16763
16889
16981
17053
17183
17293
17377
17449
17539
17627
17747
17851
17939
18043
18127
18217
18301
18397
18481
18587
18719
18839
18973
19079
19207
19289
19403
19463
19543
19681
19759
19861
19963
20047
20129
20231
20341
20411
20533
20641
20749
20873
20959
21031
21149
21227
21347
21467
21529
21611
21727
21817
21911
22027
22093
22171
22283
22397
22511
22621
22709
22787
22907
23017
23071
23189
23293
23399
23539
23609
23689
23801
23887
23981
24071
24133
24239
24379
24481
24611
24733
24847
24953
25057
25163
25253
25357
25457
25583
25667
25763
25873
25969
26083
26177
26263
26371
26459
26591
26693
26759
26863
26953
27061
27179
27281
27427
27529
27653
27749
27809
27919
28019
28109
28229
28351
28463
28559
28627
28703
28807
28909
29023
29137
29221
29333
29411
29531
29633
29759
29873
30011
30109
30197
30307
30427
30529
30649
30757
30851
30941
31063
31153
31237
31321
31469
31547
31663
31769
31891
32029
32117
32213
32321
32381
32491
32573
32687
32789
32909
32987
33073
33181
33311
33391
33493
33587
33641
33767
33857
33961
34127
34217
34303
34403
34501
34603
34693
34807
34913
35053
35129
35257
35353
35449
35543
35677
35809
35911
36007
36107
36229
36319
36467
36551
36643
36739
36821
36919
37013
37123
37243
37357
37463
37547
37619
37747
37871
37991
38119
38231
38321
38449
38593
38677
38749
38867
38971
39097
39181
39251
39371
39499
39607
39719
39827
39887
40013
40127
40231
40361
40493
40591
40739
40829
40927
41039
41143
41221
41333
41443
41543
41627
41737
41851
41947
42017
42131
42221
42323
42407
42473
42589
42701
42787
42899
42989
43103
43237
43397
43499
43609
43717
43801
43963
44041
44129
44249
44357
44497
44579
44683
44777
44887
44983
45127
45247
45337
45439
45569
45677
45817
45893
46049
46147
46261
46351
46477
46589
46681
46771
46877
47051
47143
47279
47363
47491
47569
47659
47777
47869
47969
48109
48221
48341
48463
48533
48647
48761
48847
48973
49057
49169
49261
49369
49463
49559
49681
49789
49891
49999
50093
50177
50311
50411
50539
50647
50777
50893
51001
51137
51239
51347
51437
51517
51613
51719
51829
51929
52051
52163
52259
52379
52529
52627
52727
52859
52957
53069
53149
53267
53377
53503
53611
53699
53819
53917
54013
54151
54293
54401
54493
54563
54667
54779
54917
55009
55117
55229
55343
55487
55619
55691
55807
55889
55987
56099
56207
56333
56443
56519
56629
56731
56821
56921
56999
57119
57203
57301
57413
57559
57679
57773
57853
57977
58073
58189
58271
58393
58481
58613
58733
58901
58991
59069
59159
59243
59377
59453
59567
59669
59771
59929
60041
60139
60259
60383
60521
60637
60733
60859
60937
61057
61223
61343
61469
61547
61637
61723
61871
61987
62081
62191
62311
62467
62563
62659
62791
62921
63029
63131
63299
63377
63467
63577
63649
63727
63823
63949
64081
64217
64327
64483
64609
64709
64853
64951
65071
65167
65269
65393
65519
65587
65687
65777
65881
65993
66107
66271
66383
66509
66601
66733
66851
66947
67057
67157
67247
67391
67477
67559
67679
67777
67883
67967
68099
68213
68371
68489
68597
68713
68819
68917
69061
69191
69263
69403
69493
69691
69821
69929
70039
70139
70223
70321
70451
70549
70657
70793
70901
70981
71089
71209
71327
71389
71473
71593
71713
71843
71933
72031
72109
72229
72341
72481
72617
72701
72823
72923
73013
73127
73303
73417
73529
73613
73721
73859
73973
74099
74197
74297
74411
74521
74611
74731
74843
74923
75041
75193
75289
75391
75527
75617
75707
75797
75967
76079
76163
76289
76423
76537
76651
76777
76883
77017
77141
77249
77347
77471
77549
77621
77719
77813
77969
78079
78191
78307
78467
78569
78691
78797
78893
79043
79159
79279
79379
79493
79613
79697
79829
79907
80039
80167
80251
80363
80491
80627
80701
80803
80917
81019
81097
81203
81343
81457
81563
81671
81769
81901
82003
82073
82207
82301
82457
82531
82619
82759
82883
83009
83117
83243
83383
83449
83591
83701
83843
83969
84089
84199
84313
84421
84503
84649
84737
84869
85009
85103
85223
85333
85451
85577
85667
85817
85909
86077
86179
86269
86357
86461
86573
86719
86851
86969
87103
87211
87313
87433
87541
87629
87701
87811
87943
88037
88237
88379
88513
88657
88789
88853
88969
89069
89153
89273
89399
89513
89599
89681
89821
89923
90017
90107
90203
90353
90439
90547
90679
90823
90931
91081
91159
91283
91387
91493
91621
91771
91873
91997
92119
92227
92347
92401
92507
92641
92717
92809
92921
93053
93139
93253
93337
93487
93563
93739
93889
93971
94079
94207
94327
94433
94541
94621
94777
94849
94999
95093
95203
95273
95401
95483
95603
95723
95813
95929
96043
96181
96289
96431
96517
96667
96769
96857
96997
97127
97241
97381
97501
97583
97771
97859
97967
98101
98257
98377
98467
98573
98713
98837
98911
99013
99119
99233
99367
99487
99581
99709
99817
99907
100049
100189
100313
100411
100519
100649
100787
100927
101027
101141
101221
101347
101467
101537
101663
101771
101879
101999
102077
102181
102253
102397
102503
102607
102761
102877
103007
103123
103307
103421
103561
103657
103811
103951
104009
104119
104233
104347
104479
104593
104701
104779
104891
105019
105173
105277
105379
105503
105607
105727
105883
105983
106123
106243
106321
106417
106541
106663
106751
106861
106961
107077
107201
107339
107507
107671
107773
107881
108007
108109
108211
108301
108457
108553
108709
108821
108917
108991
109121
109201
109331
109441
109541
109639
109807
109883
110017
110161
110291
110459
110563
110629
110771
110899
110969
111109
111227
111341
111491
111599
111731
111827
111919
112067
112163
112253
112339
112507
112621
112787
112919
113021
113093
113161
113279
113383
113539
113719
113809
113947
114043
114167
114277
114419
114577
114661
114769
114883
115019
115133
115259
115343
115513
115613
115751
115811
115879
115987
116131
116243
116371
116483
116639
116747
116881
116981
117101
117209
117329
117437
117563
117701
117779
117881
117979
118093
118247
118373
118471
118621
118739
118861
118967
119089
119191
119311
119503
119617
119699
119809
119921
120017
120121
120247
120391
120551
120647
120739
120847
120929
121019
121157
121291
121367
121487
121577
121687
121867
121967
122051
122173
122273
122393
122501
122609
122753
122867
122971
123113
