47
2093
43
2094
57
2231
43
2377
55
2533
71
2918
70
3253
110
2682
104
1880
87
3398
120
2004
165
1765
170
2133
241
1626
266
1913
331
1762
370
1502
410
1635
448
1332
439
2920
489
2755
488
3113
467
2560
490
1457
488
3243
549
2436
579
3428
608
1161
590
1313
593
2643
583
2831
612
2983
637
3148
626
3279
612
2161
644
3600
645
2324
657
2519
690
3746
675
2009
647
2738
663
1057
664
3481
677
1251
726
2219
765
3366
747
1141
764
3870
753
1836
783
2435
753
3554
750
2094
754
984
770
1960
787
3671
800
4015
846
1724
831
2173
885
1056
873
1862
845
3796
857
911
889
2045
909
3921
917
4099
934
1618
989
4225
995
958
998
1742
999
1931
1024
3999
1034
814
1014
1503
1044
2751
1040
2950
1039
2608
1083
1620
1086
3100
1115
4330
1149
2396
1186
2847
1161
2984
1137
3260
1130
4151
1122
922
1093
1425
1099
1816
1145
716
1192
3418
1169
1531
1201
2627
1174
4447
1150
2252
1220
1712
1238
3112
1251
4263
1264
813
1264
1343
1280
2461
1310
2747
1284
2933
1258
3245
1242
3580
1216
2166
1241
2337
1255
4540
1281
675
1283
1470
1292
2053
1295
4407
1325
3363
1296
3709
1308
1603
1359
2223
1362
3048
1379
3486
1413
1247
1393
1386
1372
2373
1360
2608
1375
3176
1369
4517
1372
740
1394
1967
1384
3792
1406
3624
1441
612
1416
2106
1408
1530
1452
2497
1444
4630
1478
3323
1486
2302
1521
3898
1526
771
1551
1330
1526
1825
1545
2020
1561
2152
1567
2693
1551
3673
1564
4525
1587
4713
1614
110
1637
555
1667
696
1700
1138
1691
1279
1687
1689
1700
1841
1721
1969
1751
2134
1786
2324
1791
2482
1764
2627
1762
2803
1741
2998
1720
3168
1742
3329
1775
3833
1806
3991
1816
4698
1845
4870
1870
54
1854
515
1892
675
1900
1100
1893
1239
1894
1609
1910
1751
1903
1909
1892
2106
1879
2577
1885
2707
1897
2897
1887
3045
1875
3206
1867
3382
1839
3544
1830
4145
1844
1373
1858
2236
1870
2405
1909
4260
1898
4050
1952
4767
1952
3493
1956
4944
1993
2486
2006
3142
2030
3277
2042
3629
2051
4073
2032
4221
2023
25
2047
549
2023
1077
2055
1353
2053
1635
2070
1804
2086
1949
2079
2084
2047
2240
2062
2603
2101
2766
2067
2933
2080
3417
2056
4846
2088
1211
2111
2378
2115
4337
2088
684
2129
4990
2095
3066
2134
3207
2123
3542
2128
3717
2155
16
2173
4169
2146
588
2144
1096
2139
2502
2140
1560
2169
1708
2194
2184
2232
2652
2221
2813
2256
2942
2221
3114
2221
3329
2188
4857
2181
1306
2163
1862
2223
2012
2250
3460
2239
3608
2228
2314
2260
4410
2239
4977
2263
691
2286
1152
2288
1761
2323
2438
2359
3726
2359
4209
2393
8
2408
493
2378
664
2411
1257
2440
1400
2466
1615
2504
1768
2499
1935
2499
2067
2479
2209
2449
2344
2463
2483
2437
2619
2426
2766
2397
2915
2363
3066
2383
3201
2383
3328
2418
3526
2407
3843
2409
4331
2400
4951
2380
1113
2375
1860
2404
2017
2445
4482
2463
3650
2470
756
2514
3022
2493
3184
2467
585
2489
80
2473
1168
2518
3393
2490
3769
2471
4229
2497
2859
2508
3908
2504
4980
2555
1504
2583
2688
2598
4347
2610
582
2589
729
2619
1247
2658
1665
2627
1845
2664
2025
2636
2156
2630
2308
2659
2468
2634
2800
2604
2947
2601
3111
2631
3542
2596
3702
2571
3282
2607
1370
2580
10
2590
4479
2632
3836
2674
4957
2695
3390
2712
116
2728
658
2716
828
2723
1481
2694
2603
2673
3220
2678
3945
2716
4415
2740
3035
2755
3685
2787
1229
2824
1794
2841
1934
2878
2065
2912
2250
2914
2388
2936
2530
2975
2685
2985
2885
3001
3033
3011
3187
2996
3350
3031
3632
3021
3768
3054
3916
3078
4309
3084
4492
3083
4942
3068
87
3050
248
3053
754
3061
907
3047
1434
3042
1582
3027
1732
3004
1897
2974
2110
3003
4381
3050
2315
3031
2474
3085
2016
3081
2607
3110
1048
3148
2159
3137
2721
3102
2859
3081
3278
3154
3108
3144
3715
3153
1685
3137
1845
3115
2402
3151
2978
3157
3842
3124
1517
3141
181
3136
314
3137
823
3162
2522
3156
3375
3203
4390
3185
939
3177
2286
3229
3583
3215
1171
3199
1963
3183
3230
3233
4921
3271
2847
3268
3047
3257
3770
3297
249
3280
1011
3269
2078
3291
2413
3289
2583
3312
1729
3285
2208
3273
4283
3273
1858
3267
378
3276
858
3289
2718
3286
3290
3281
4473
3321
1267
3326
3160
3343
3660
3336
1124
3376
3863
3393
1984
3394
2306
3380
2907
3418
4352
3391
324
3376
2111
3380
452
3370
4894
3379
1371
3390
2649
3379
946
3412
3046
3392
3544
3445
2773
3448
3747
3461
1190
3463
3206
3471
4224
3508
1482
3485
2485
3503
401
3518
1320
3530
2896
3545
3497
3560
3635
3564
4356
3533
523
3524
2625
3566
1682
3577
3029
3606
2252
3574
2396
3549
2747
3542
1819
3565
3773
3589
1158
3611
4180
3589
1562
3585
1980
3608
625
3648
1405
3685
2571
3674
2722
3646
2893
3635
3383
3649
408
3669
2116
3694
1795
3688
3499
3665
4300
3669
1266
3703
3667
3743
529
3734
676
3732
1533
3756
1666
3781
1905
3790
2201
3824
2344
3807
2504
3803
2695
3829
3262
3827
3416
3857
3576
3896
4091
3923
643
3933
804
3938
3144
3958
1949
3996
3294
4020
3978
4049
930
4044
1079
4083
3035
4048
3162
4022
4138
4081
1241
4077
2882
4140
3879
4116
4045
4131
3260
4166
1371
4131
2781
4175
1135
4156
987
4168
3128
4230
2944
4240
1489
4232
1636
4262
2555
4298
2705
4266
3721
4268
3988
4242
2343
4226
1248
4272
1762
4280
3850
4285
1949
4287
2201
4292
1365
4281
2075
4326
2833
4322
2437
4360
1564
4373
2308
4338
3626
4379
1852
4413
2600
4391
3742
4365
1697
4434
2131
4467
1988
4487
2482
4524
3490
4510
3626
4525
2312
4542
3347
4617
3579
4639
3245
4636
3454
4689
3134
4702
3355
4776
2970
4784
3243
4845
3095
4829
2802
4890
1548
4920
2561
4942
2922