 0.21305846
 0.21513729
 0.21721609
 0.21929492
 0.22137374
 0.22345257
 0.22553138
 0.2276102
 0.22968902
 0.23176783
 0.23384666
 0.23592548
 0.2380043
 0.24008311
 0.24216193
 0.24424076
 0.24631959
 0.24839841
 0.25047722
 0.25255603
 0.25463486
 0.2567137
 0.25879252
 0.26087132
 0.26295012
 0.26502895
 0.26710778
 0.26918662
 0.27126542
 0.27334425
 0.27542305
 0.27750188
 0.2795807
 0.2816595
 0.28373834
 0.28581715
 0.28789598
 0.2899748
 0.2920536
 0.29413244
 0.29621127
 0.29829007
 0.3003689
 0.30244774
 0.30452654
 0.30660537
 0.3086842
 0.310763
 0.3128418
 0.31492063
 0.31699947
 0.31907827
 0.3211571
 0.32323593
 0.32531476
 0.32739356
 0.3294724
 0.33155122
 0.33363003
 0.33570883
 0.33778766
 0.3398665
 0.3419453
 0.34402412
 0.34610292
 0.34818178
 0.3502606
 0.3523394
 0.35441822
 0.35649705
 0.35857588
 0.36065468
 0.3627335
 0.3648123
 0.36689115
 0.36896995
 0.3710488
 0.3731276
 0.3752064
 0.37728524
 0.37936407
 0.3814429
 0.38352174
 0.3856005
 0.38767934
 0.38975817
 0.391837
 0.39391583
 0.39599463
 0.39807346
 0.40015227
 0.4022311
 0.40430993
 0.40638876
 0.40846753
 0.41054636
 0.4126252
 0.41470402
 0.41678286
 0.41886166
 0.42094046
 0.4230193
 0.42509812
 0.42717692
 0.42925578
 0.43133458
 0.4334134
 0.43549222
 0.43757105
 0.43964988
 0.44172868
 0.44380748
 0.44588634
 0.44796515
 0.45004395
 0.4521228
 0.4542016
 0.4562804
 0.45835924
 0.46043807
 0.46251687
 0.4645957
 0.46667454
 0.46875337
 0.47083217
 0.47291097
 0.47498983
 0.47706863
 0.47914746
 0.48122627
 0.4833051
 0.48538393
 0.48746273
 0.48954156
 0.49162036
 0.4936992
 0.49577802
 0.49785683
 0.49993566
 0.5020145
 0.5040933
 0.5061721
 0.50825095
 0.5103297
 0.5124086
 0.5144874
 0.5165662
 0.51864505
 0.5207238
 0.5228027
 0.5248815
 0.5269603
 0.52903914
 0.531118
 0.5331968
 0.5352756
 0.53735447
 0.53943324
 0.5415121
 0.5435909
 0.5456697
 0.54774857
 0.54982734
 0.55190617
 0.553985
 0.55606383
 0.55814266
 0.56022143
 0.56230026
 0.5643791
 0.5664579
 0.56853676
 0.57061553
 0.57269436
 0.5747732
 0.576852
 0.57893085
 0.5810096
 0.58308846
 0.5851673
 0.5872462
 0.58932495
 0.5914037
 0.59348255
 0.59556144
 0.5976402
 0.599719
 0.6017979
 0.6038767
 0.6059555
 0.6080343
 0.61011314
 0.6121919
 0.6142708
 0.61634964
 0.6184284
 0.62050724
 0.6225861
 0.6246649
 0.6267437
 0.6288225
 0.63090134
 0.6329802
 0.635059
 0.6371378
 0.63921666
 0.64129543
 0.64337426
 0.6454531
 0.64753187
 0.64961076
 0.6516895
 0.65376836
 0.6558472
 0.65792596
 0.66000485
 0.6620836
 0.66416246
 0.6662413
 0.6683201
 0.67039895
 0.6724777
 0.67455655
 0.6766354
 0.6787142
 0.68079305
 0.6828718
 0.68495065
 0.6870295
 0.6891083
 0.69118714
 0.6932659
 0.6953448
 0.6974236
 0.6995024
 0.70158124
 0.70366
 0.70573884
 0.7078177
 0.7098965
 0.71197534
 0.71405417
 0.716133
 0.71821177
 0.72029066
 0.72236943
 0.7244482
 0.7265271
 0.72860587
 0.7306847
 0.7327635
 0.73484236
 0.7369212
 0.73899996
 0.74107885
 0.7431576
 0.7424017
 0.74164575
 0.74088985
 0.74013394
 0.739378
 0.73862207
 0.73786616
 0.73711026
 0.7363543
 0.7355984
 0.7348425
 0.7340865
 0.7333306
 0.7325747
 0.7318187
 0.73106277
 0.73030686
 0.72955096
 0.72879505
 0.72803915
 0.7272832
 0.7265272
 0.7257713
 0.7250154
 0.72425944
 0.72350353
 0.72274756
 0.72199166
 0.72123575
 0.72047985
 0.71972394
 0.718968
 0.718212
 0.7174561
 0.7167002
 0.7159443
 0.7151884
 0.7144324
 0.7136765
 0.71292055
 0.71216464
 0.71140873
 0.71065277
 0.70989686
 0.7091409
 0.708385
 0.7076291
 0.7068731
 0.7061172
 0.70536125
 0.70460534
 0.70384943
 0.7030935
 0.70233756
 0.70158166
 0.7008257
 0.7000698
 0.6993139
 0.698558
 0.697802
 0.6970461
 0.6962902
 0.6955342
 0.6947783
 0.6940224
 0.69326645
 0.69251055
 0.6917546
 0.6909987
 0.69024277
 0.6894868
 0.6887309
 0.687975
 0.687219
 0.6864631
 0.6857072
 0.68495125
 0.68419534
 0.6834394
 0.68268347
 0.68192756
 0.68117166
 0.68041575
 0.6796598
 0.6789038
 0.6781479
 0.677392
 0.6766361
 0.6758802
 0.6751242
 0.6743683
 0.67361236
 0.67285645
 0.67210054
 0.67134464
 0.6705887
 0.6698327
 0.6690768
 0.6683209
 0.667565
 0.666809
 0.6660531
 0.66529715
 0.66454124
 0.66378534
 0.6630294
 0.66227347
 0.66151756
 0.6607616
 0.6600057
 0.6592498
 0.6584939
 0.6577379
 0.65698195
 0.65622604
 0.65547013
 0.6547142
 0.6539583
 0.65320235
 0.65244645
 0.65169054
 0.6509346
 0.6501787
 0.64942276
 0.6486668
 0.6479109
 0.6471549
 0.646399
 0.64564306
 0.6448872
 0.64413124
 0.64337534
 0.6426194
 0.64186347
 0.64110756
 0.6403516
 0.6395956
 0.6388398
 0.6380838
 0.63732785
 0.636572
 0.63581604
 0.63506013
 0.63430417
 0.63354826
 0.63279235
 0.6320364
 0.6312805
 0.6305246
 0.6297686
 0.6290127
 0.6282568
 0.6275009
 0.6267449
 0.62598896
 0.62523305
 0.62447715
 0.62372124
 0.6229653
 0.62220937
 0.62145346
 0.6206975
 0.6199416
 0.6191857
 0.6184298
 0.61767375
 0.61691785
 0.61616194
 0.61540604
 0.61465013
 0.61389416
 0.61313826
 0.6123823
 0.6116264
 0.6108705
 0.6101146
 0.60935867
 0.6086027
 0.60784674
 0.60709083
 0.6063349
 0.60557896
 0.60482305
 0.60406715
 0.6033112
 0.6025553
 0.60179937
 0.60104346
 0.6002875
 0.59953153
 0.5987757
 0.5980197
 0.5972638
 0.59650785
 0.59575194
 0.59499604
 0.5942401
 0.59348416
 0.59272826
 0.59197235
 0.5912163
 0.5904604
 0.5897045
 0.5889486
 0.5881927
 0.58743674
 0.5866808
 0.58592486
 0.58516896
 0.58441305
 0.5836571
 0.5829012
 0.5821453
 0.5813893
 0.5806334
 0.5798775
 0.5791216
 0.5783656
 0.5776097
 0.57685375
 0.57609785
 0.57534194
 0.57458603
 0.57383007
 0.5730741
 0.5723182
 0.5715623
 0.5708064
 0.5700504
 0.5692945
 0.56853855
 0.56778264
 0.56702673
 0.5662708
 0.5655149
 0.5647589
 0.564003
 0.5632471
 0.5624912
 0.5617353
 0.5609793
 0.5602234
 0.5594675
 0.5587115
 0.5579556
 0.55719966
 0.55644375
 0.55568784
 0.5549319
 0.554176
 0.55342
 0.5526641
 0.5519082
 0.5511523
 0.5503963
 0.5496404
 0.5475539
 0.54546744
 0.5433809
 0.54129446
 0.53920794
 0.5371215
 0.535035
 0.5329485
 0.530862
 0.5287755
 0.526689
 0.52460253
 0.5225161
 0.52042955
 0.5183431
 0.5162566
 0.51417005
 0.5120836
 0.50999707
 0.5079106
 0.50582415
 0.5037376
 0.50165117
 0.49956465
 0.49747816
 0.49539167
 0.49330515
 0.4912187
 0.48913223
 0.4870457
 0.48495921
 0.48287272
 0.48078623
 0.47869974
 0.47661325
 0.47452676
 0.47244027
 0.47035378
 0.4682673
 0.4661808
 0.4640943
 0.46200782
 0.45992136
 0.45783484
 0.45574832
 0.45366186
 0.45157537
 0.44948888
 0.4474024
 0.4453159
 0.44322944
 0.44114292
 0.4390564
 0.43696994
 0.43488345
 0.43279696
 0.43071046
 0.42862397
 0.42653748
 0.424451
 0.4223645
 0.420278
 0.41819152
 0.41610503
 0.41401854
 0.41193205
 0.40984556
 0.40775907
 0.40567258
 0.4035861
 0.4014996
 0.3994131
 0.39732662
 0.39524013
 0.39315364
 0.39106715
 0.38898066
 0.38689417
 0.38480768
 0.3827212
 0.3806347
 0.3785482
 0.37646168
 0.37437522
 0.37228876
 0.37020224
 0.36811575
 0.36602926
 0.36394277
 0.36185628
 0.3597698
 0.3576833
 0.3555968
 0.35351032
 0.35142383
 0.34933734
 0.34725085
 0.34516436
 0.34307787
 0.34099138
 0.3389049
 0.3368184
 0.3347319
 0.33264542
 0.33055893
 0.32847244
 0.32638595
 0.32429945
 0.32221296
 0.32012647
 0.31803998
 0.3159535
 0.313867
 0.3117805
 0.30969402
 0.30760753
 0.30552104
 0.30343455
 0.30134806
 0.29926157
 0.29717508
 0.2950886
 0.2930021
 0.2909156
 0.28882912
 0.28674263
 0.28465614
 0.28256965
 0.28048316
 0.27839667
 0.27631018
 0.2742237
 0.2721372
 0.2700507
 0.2679642
 0.26587772
 0.26379123
 0.26170474
 0.25961825
 0.25753176
 0.25544527
 0.25335878
 0.2512723
 0.2491858
 0.24709931
 0.24501282
 0.24292633
 0.24083984
 0.23875335
 0.23666686
 0.23458037
 0.23249388
 0.23040739
 0.2283209
 0.2262344
 0.22414792
 0.22206143
 0.21997494
 0.21788844
 0.21580195
 0.21371546
 0.21162897
 0.20954248
 0.207456
 0.2053695
 0.20328301
 0.20119652
 0.19911003
 0.19702354
 0.19493705
 0.19285056
 0.19076407
 0.18867758
 0.18659109
 0.1845046
 0.18241811
 0.18033162
 0.17824513
 0.17615864
 0.17407215
 0.17198566
 0.16989917
 0.16781268
 0.16572618
 0.1636397
 0.1615532
 0.15946671
 0.15738022
 0.15529373
 0.15320724
 0.15112075
 0.14903426
 0.14694777
 0.14486128
 0.14277479
 0.1406883
 0.13860181
 0.13651533
 0.13442883
 0.13234234
 0.13025585
 0.12816936
 0.12608287
 0.12399638
 0.12190989
 0.119823396
 0.11773691
 0.115650415
 0.113563925
 0.111477435
 0.10939095
 0.107304454
 0.10521796
 0.10313147
 0.10104499
 0.09895849
 0.096872
 0.09478551
 0.09269903
 0.09061253
 0.08852604
 0.08643955
 0.08435307
 0.08226657
 0.08018008
 0.07809359
 0.076007105
 0.07392061
 0.07183412
 0.069747634
 0.067661144
 0.06557465
 0.06348816
 0.06140167
 0.05931518
 0.057228692
 0.0551422
 0.05305571
 0.05096922
 0.04888273
 0.04679624
 0.04470975
 0.04262326
 0.04053677
 0.03845028
 0.036363788
 0.034277298
 0.032190807
 0.030104317
 0.028017826
 0.025931336
 0.023844846
 0.021758355
 0.019671865
 0.017585374
 0.015498884
 0.018468825
 0.021438766
 0.024408706
 0.027378649
 0.030348588
 0.033318527
 0.03628847
 0.03925841
 0.042228352
 0.04519829
 0.048168235
 0.05113817
 0.054108113
 0.057078056
 0.060048
 0.063017935
 0.06598788
 0.06895782
 0.071927756
 0.0748977
 0.07786764
 0.080837585
 0.08380752
 0.08677746
 0.0897474
 0.09271735
 0.095687285
 0.09865722
 0.10162716
 0.10459711
 0.10756705
 0.11053699
 0.11350693
 0.11647686
 0.119446814
 0.12241675
 0.12538669
 0.12835664
 0.13132657
 0.1342965
 0.13726644
 0.14023641
 0.14320634
 0.14617628
 0.14914621
 0.15211616
 0.1550861
 0.15805604
 0.16102597
 0.16399592
 0.16696587
 0.16993581
 0.17290574
 0.1758757
 0.17884563
 0.18181556
 0.1847855
 0.18775545
 0.19072539
 0.19369534
 0.19666527
 0.19963522
 0.20260516
 0.2055751
 0.20854503
 0.21151498
 0.21448492
 0.21745487
 0.22042479
 0.22339474
 0.22636467
 0.22933462
 0.23230456
 0.23527451
 0.23824444
 0.2412144
 0.24418433
 0.24715427
 0.25012422
 0.25309414
 0.2560641
 0.25903404
 0.26200396
 0.2649739
 0.26794386
 0.27091378
 0.27388373
 0.27685368
 0.2798236
 0.28279355
 0.2857635
 0.28873342
 0.2917034
 0.29467332
 0.29764327
 0.3006132
 0.30358315
 0.3065531
 0.30952302
 0.31249297
 0.3154629
 0.31843287
 0.3214028
 0.32437274
 0.3273427
 0.3303126
 0.33328256
 0.33625248
 0.33922243
 0.34219238
 0.3451623
 0.34813225
 0.35110217
 0.35407215
 0.35704207
 0.36001202
 0.36298195
 0.3659519
 0.36892185
 0.37189177
 0.37486172
 0.37783167
 0.38080162
 0.38377154
 0.3867415
 0.38971144
 0.3926814
 0.3956513
 0.39862126
 0.4015912
 0.40456113
 0.40753108
 0.410501
 0.41347098
 0.41644087
 0.41941082
 0.42238078
 0.42535073
 0.42832065
 0.4312906
 0.43426055
 0.43723047
 0.4402004
 0.44317037
 0.4461403
 0.44911027
 0.4520802
 0.4550501
 0.45802006
 0.46099
 0.46395996
 0.4669299
 0.46989983
 0.47286975
 0.4758397
 0.47880965
 0.48177958
 0.48474953
 0.48771948
 0.4906894
 0.49365938
 0.4966293
 0.49959925
 0.5025692
 0.5055391
 0.50850904
 0.511479
 0.51444894
 0.51741886
 0.52038884
 0.52335876
 0.5263287
 0.52929866
 0.5322686
 0.5352385
 0.5382085
 0.5411784
 0.5441483
 0.5471183
 0.5500882
 0.55305815
 0.5560281
 0.55899805
 0.56196797
 0.5649379
 0.56790787
 0.5708778
 0.5738477
 0.5768177
 0.5797876
 0.5827576
 0.5857275
 0.58869743
 0.5916674
 0.59463733
 0.59760725
 0.60057724
 0.60354716
 0.6065171
 0.609487
 0.612457
 0.6154269
 0.6183969
 0.6213668
 0.6243367
 0.6273067
 0.6302766
 0.6332466
 0.6362165
 0.63918644
 0.6421564
 0.64512634
 0.64809626
 0.6510662
 0.65403616
 0.6570061
 0.659976
 0.662946
 0.66591597
 0.6688859
 0.6718558
 0.6748258
 0.67779565
 0.6807656
 0.6837356
 0.68670547
 0.68967545
 0.6926454
 0.69561535
 0.6985853
 0.7015552
 0.7045252
 0.7074951
 0.710465
 0.713435
 0.7164049
 0.71937484
 0.7223448
 0.72531474
 0.72828466
 0.73125464
 0.73422456
 0.7371945
 0.7401644
 0.7431344
 0.74610436
 0.7490743
 0.75204426
 0.7550142
 0.7579841
 0.7609541
 0.763924
 0.7668939
 0.76986384
 0.7728338
 0.77580374
 0.77556866
 0.7753336
 0.7750985
 0.7748635
 0.7746284
 0.7743933
 0.77415824
 0.7739232
 0.7736881
 0.77345306
 0.773218
 0.77298284
 0.7727478
 0.7725128
 0.7722777
 0.77204263
 0.77180755
 0.7715725
 0.7713374
 0.7711023
 0.7708673
 0.77063215
 0.7703971
 0.77016205
 0.76992697
 0.76969194
 0.76945686
 0.7692218
 0.7689867
 0.7687516
 0.76851654
 0.76828146
 0.7680464
 0.76781136
 0.7675763
 0.76734126
 0.7671062
 0.7668711
 0.766636
 0.76640093
 0.76616585
 0.7659308
 0.7656957
 0.76546067
 0.7652256
 0.7649905
 0.7647554
 0.76452035
 0.7642853
 0.7640502
 0.76381516
 0.7635801
 0.763345
 0.7631099
 0.7628749
 0.76263976
 0.76240474
 0.76216966
 0.76193464
 0.7616995
 0.7614645
 0.7612294
 0.7609943
 0.76075923
 0.7605242
 0.7602891
 0.76005405
 0.759819
 0.7595839
 0.7593488
 0.7591138
 0.75887865
 0.7586436
 0.75840855
 0.75817347
 0.7579384
 0.7577033
 0.7574682
 0.7572332
 0.75699806
 0.75676304
 0.756528
 0.75629294
 0.75605786
 0.7558228
 0.7555877
 0.7553526
 0.7551176
 0.7548825
 0.75464743
 0.75441235
 0.75417733
 0.75394225
 0.7537072
 0.7534721
 0.753237
 0.7530019
 0.75276685
 0.75253177
 0.7522967
 0.75206167
 0.7518266
 0.7515915
 0.7513564
 0.7511214
 0.7508863
 0.75065124
 0.75041616
 0.75018114
 0.749946
 0.749711
 0.74947596
 0.7492408
 0.7490058
 0.74877065
 0.74853563
 0.74830055
 0.7480655
 0.7478304
 0.74759537
 0.7473602
 0.7471252
 0.7468901
 0.74665505
 0.74641997
 0.74618495
 0.7459498
 0.7457148
 0.7454797
 0.7452447
 0.74500954
 0.74477446
 0.74453944
 0.74430436
 0.7440693
 0.74383426
 0.7435992
 0.7433641
 0.743129
 0.74289393
 0.74265885
 0.74242383
 0.74218875
 0.74195373
 0.7417186
 0.7414835
 0.7412485
 0.7410134
 0.7407783
 0.74054325
 0.74030817
 0.7400731
 0.739838
 0.739603
 0.73936796
 0.7391328
 0.7388978
 0.7386627
 0.73842764
 0.73819256
 0.7379575
 0.7377224
 0.7374873
 0.7372523
 0.73701715
 0.73678213
 0.7365471
 0.73631203
 0.73607695
 0.7358419
 0.7356068
 0.7353717
 0.7351366
 0.7349016
 0.7346665
 0.7344314
 0.73419636
 0.7339613
 0.73372626
 0.7334912
 0.7332561
 0.733021
 0.73278594
 0.73255086
 0.73231584
 0.73208076
 0.7318457
 0.73161066
 0.7313755
 0.73114043
 0.7309054
 0.73067033
 0.73043525
 0.7302002
 0.7299651
 0.72973007
 0.729495
 0.7292599
 0.7290248
 0.72878975
 0.72855467
 0.72831964
 0.72808456
 0.7278495
 0.7276144
 0.7273793
 0.72714424
 0.72690916
 0.72667414
 0.72643906
 0.726204
 0.7259689
 0.7257339
 0.7254988
 0.7252637
 0.72502863
 0.72479355
 0.7245585
 0.7243234
 0.7240884
 0.7238533
 0.7236182
 0.7233832
 0.7231481
 0.722913
 0.72267795
 0.72244287
 0.7222078
 0.7219727
 0.7217376
 0.72150254
 0.72126746
 0.72103244
 0.72079736
 0.7205623
 0.72032726
 0.7200922
 0.7198571
 0.719622
 0.71938694
 0.7191519
 0.71891683
 0.71868175
 0.7184467
 0.7182116
 0.71797657
 0.7177415
 0.7175064
 0.7172713
 0.71703625
 0.71680117
 0.7165661
 0.716331
 0.716096
 0.7158609
 0.7156258
 0.7166196
 0.7176134
 0.7186072
 0.719601
 0.72059476
 0.72158855
 0.72258234
 0.7235761
 0.7245699
 0.72556376
 0.7265575
 0.72755134
 0.72854507
 0.7295389
 0.7305327
 0.7315265
 0.7325203
 0.7335141
 0.73450786
 0.73550165
 0.7364954
 0.7374892
 0.73848295
 0.7394768
 0.7404705
 0.7414644
 0.74245816
 0.74345195
 0.74444574
 0.7454395
 0.7464333
 0.7474271
 0.7484209
 0.7494147
 0.7504085
 0.75140226
 0.75239605
 0.75338984
 0.7543837
 0.7553774
 0.75637126
 0.757365
 0.7583588
 0.75935256
 0.76034635
 0.76134014
 0.7623339
 0.7633277
 0.7643215
 0.7653153
 0.7663091
 0.7673029
 0.76829666
 0.7692905
 0.7702843
 0.7712781
 0.7722719
 0.77326566
 0.77425945
 0.77525324
 0.776247
 0.7772408
 0.7782346
 0.7792284
 0.7802222
 0.78121597
 0.78220975
 0.78320354
 0.78419733
 0.7851911
 0.7861849
 0.78717875
 0.7881725
 0.78916633
 0.79016006
 0.79115385
 0.79214764
 0.7931414
 0.7941352
 0.795129
 0.7961228
 0.7971166
 0.79811037
 0.79910415
 0.80009794
 0.8010918
 0.8020855
 0.80307937
 0.8040731
 0.80506694
 0.8060607
 0.8070545
 0.80804825
 0.8090421
 0.8100358
 0.8110297
 0.8120234
 0.81301725
 0.814011
 0.8150048
 0.8159986
 0.81699234
 0.81798613
 0.8189799
 0.81997377
 0.82096756
 0.82196134
 0.82295513
 0.8239489
 0.8249427
 0.8259365
 0.8269303
 0.8279241
 0.82891786
 0.8299116
 0.83090544
 0.83189917
 0.832893
 0.83388674
 0.8348806
 0.8358744
 0.83686817
 0.83786196
 0.83885574
 0.83984953
 0.8408433
 0.8418371
 0.8428309
 0.8438247
 0.8448185
 0.84581226
 0.84680605
 0.84779984
 0.8487936
 0.8497875
 0.85078126
 0.851775
 0.8527688
 0.85376257
 0.85475636
 0.85575014
 0.85674393
 0.8577377
 0.8587315
 0.8597253
 0.8607191
 0.86171293
 0.86270666
 0.8637005
 0.86469424
 0.8656881
 0.8666818
 0.8676756
 0.8686694
 0.86966324
 0.87065697
 0.8716508
 0.87264454
 0.8736384
 0.8746321
 0.87562597
 0.8766197
 0.87761354
 0.87860733
 0.8796011
 0.88059485
 0.8815887
 0.8825824
 0.8835763
 0.88457
 0.88556385
 0.8865576
 0.8875514
 0.8885452
 0.889539
 0.8905328
 0.8915266
 0.89252037
 0.89351416
 0.89450794
 0.89550173
 0.89649546
 0.8974893
 0.89848304
 0.8994769
 0.9004707
 0.90146446
 0.90245825
 0.90345204
 0.9044458
 0.9054396
 0.9064334
 0.9074272
 0.908421
 0.90941477
 0.91040856
 0.91140234
 0.9123962
 0.9133899
 0.9143837
 0.9153775
 0.9163713
 0.9173651
 0.91835886
 0.91935265
 0.9203465
 0.9213403
 0.9223341
 0.92332786
 0.92432165
 0.92531544
 0.92630917
 0.92730296
 0.9282968
 0.92929053
 0.9302844
 0.9312781
 0.93227196
 0.93326575
 0.93425953
 0.93525326
 0.9362471
 0.9372409
 0.9382347
 0.93922853
 0.94022226
 0.9412161
 0.94220984
 0.9432036
 0.9441974
 0.9451912
 0.946185
 0.9471788
 0.94817257
 0.9491664
 0.95016015
 0.951154
 0.9521477
 0.9531415
 0.9541353
 0.9551291
 0.9561229
 0.9571167
 0.9581105
 0.9591043
 0.9600981
 0.9610919
 0.96208566
 0.96307945
 0.9640732
 0.96506697
 0.9660608
 0.9670546
 0.9680484
 0.9690422
 0.970036
 0.96985656
 0.96967715
 0.96949774
 0.96931833
 0.96913886
 0.96895945
 0.96878004
 0.96860063
 0.9684212
 0.9682418
 0.9680624
 0.967883
 0.9677036
 0.96752405
 0.96734464
 0.96716523
 0.9669858
 0.9668064
 0.966627
 0.9664476
 0.9662682
 0.9660888
 0.96590936
 0.9657299
 0.9655505
 0.9653711
 0.96519166
 0.96501225
 0.96483284
 0.96465343
 0.964474
 0.96429455
 0.96411514
 0.96393573
 0.9637563
 0.9635769
 0.9633975
 0.9632181
 0.9630387
 0.9628593
 0.96267986
 0.96250045
 0.96232104
 0.9621416
 0.96196216
 0.96178275
 0.96160334
 0.9614239
 0.96124446
 0.96106505
 0.96088564
 0.9607062
 0.96052676
 0.96034735
 0.96016794
 0.95998853
 0.9598091
 0.9596297
 0.95945024
 0.95927083
 0.9590914
 0.958912
 0.9587326
 0.9585532
 0.9583738
 0.9581944
 0.95801497
 0.9578355
 0.9576561
 0.9574767
 0.95729727
 0.95711786
 0.9569384
 0.956759
 0.95657957
 0.95640016
 0.95622075
 0.95604134
 0.9558619
 0.9556825
 0.9555031
 0.9553237
 0.9551443
 0.9549649
 0.95478547
 0.95460606
 0.95442665
 0.9542472
 0.95406777
 0.95388836
 0.95370895
 0.9535295
 0.95335007
 0.95317066
 0.95299125
 0.95281184
 0.9526324
 0.952453
 0.9522736
 0.95209414
 0.9519147
 0.9517353
 0.9515559
 0.9513765
 0.95119715
 0.9510176
 0.9508382
 0.9506588
 0.9504794
 0.9503
 0.95012057
 0.94994116
 0.94976175
 0.94958234
 0.9494029
 0.9492235
 0.9490441
 0.9488647
 0.9486852
 0.9485058
 0.9483264
 0.948147
 0.9479676
 0.9477882
 0.9476087
 0.9474293
 0.9472499
 0.9470705
 0.94689107
 0.9467116
 0.9465322
 0.94635284
 0.9461734
 0.94599396
 0.94581455
 0.94563514
 0.9454557
 0.9452763
 0.9450969
 0.94491744
 0.94473803
 0.9445586
 0.9443792
 0.94419974
 0.9440204
 0.943841
 0.9436616
 0.9434821
 0.9433027
 0.9431232
 0.9429439
 0.94276446
 0.942585
 0.9424056
 0.9422262
 0.94204676
 0.94186735
 0.94168794
 0.94150853
 0.9413291
 0.94114965
 0.9409703
 0.9407909
 0.94061136
 0.940432
 0.9402526
 0.94007313
 0.9398937
 0.9397143
 0.9395349
 0.9393555
 0.9391761
 0.9389967
 0.9388172
 0.93863785
 0.93845844
 0.938279
 0.93809956
 0.93792015
 0.93774074
 0.9375613
 0.93738186
 0.93720245
 0.93702304
 0.93684363
 0.9366642
 0.93648475
 0.93630534
 0.936126
 0.9359466
 0.9357671
 0.9355877
 0.9354083
 0.9352289
 0.9350495
 0.93487
 0.9346906
 0.9345112
 0.9343318
 0.93415236
 0.93397295
 0.93379354
 0.9336141
 0.9334347
 0.93325526
 0.93307585
 0.9328964
 0.932717
 0.93253756
 0.93235815
 0.93217874
 0.9319993
 0.9318199
 0.9316405
 0.9314611
 0.9312817
 0.9311022
 0.93092287
 0.9307434
 0.930564
 0.93038464
 0.93020517
 0.9300257
 0.9298463
 0.9296669
 0.92948747
 0.92930806
 0.92912865
 0.92894924
 0.9287698
 0.9285904
 0.92841095
 0.92823154
 0.9280522
 0.9278727
 0.9276933
 0.92751384
 0.9273344
 0.927155
 0.9269756
 0.9267962
 0.9266168
 0.9264374
 0.92625797
 0.92607856
 0.9258991
 0.9257197
 0.9255403
 0.92536086
 0.92518145
 0.925002
 0.9248226
 0.92464316
 0.92446375
 0.92428434
 0.9241049
 0.92132676
 0.9185487
 0.91577053
 0.9129924
 0.91021425
 0.9074362
 0.904658
 0.9018799
 0.89910173
 0.8963236
 0.8935455
 0.89076734
 0.8879893
 0.8852111
 0.882433
 0.8796548
 0.8768767
 0.8740986
 0.8713204
 0.8685423
 0.86576414
 0.8629861
 0.8602079
 0.85742974
 0.8546517
 0.8518735
 0.8490954
 0.8463173
 0.8435391
 0.840761
 0.8379829
 0.8352047
 0.83242667
 0.8296485
 0.8268704
 0.82409227
 0.8213141
 0.8185359
 0.8157579
 0.8129797
 0.8102016
 0.8074235
 0.8046453
 0.8018672
 0.7990891
 0.7963109
 0.7935327
 0.7907547
 0.7879765
 0.7851984
 0.7824203
 0.77964216
 0.776864
 0.7740859
 0.77130777
 0.76852965
 0.7657515
 0.7629733
 0.76019526
 0.7574171
 0.75463897
 0.7518608
 0.74908274
 0.7463046
 0.74352646
 0.7407483
 0.7379702
 0.73519206
 0.73241395
 0.7296358
 0.72685766
 0.72407955
 0.72130144
 0.71852326
 0.71574515
 0.71296704
 0.7101889
 0.7074107
 0.70463264
 0.70185447
 0.6990763
 0.69629824
 0.69352007
 0.690742
 0.6879638
 0.6851857
 0.68240756
 0.67962945
 0.67685133
 0.67407316
 0.67129505
 0.6685169
 0.6657388
 0.66296065
 0.66018254
 0.6574044
 0.65462625
 0.65184814
 0.64907
 0.64629185
 0.64351374
 0.6407356
 0.63795745
 0.6351794
 0.6324012
 0.62962306
 0.62684494
 0.6240668
 0.62128866
 0.61851054
 0.61573243
 0.6129543
 0.6101762
 0.60739803
 0.6046199
 0.6018418
 0.59906363
 0.5962855
 0.5935074
 0.59072924
 0.5879511
 0.585173
 0.58239484
 0.5796167
 0.5768386
 0.5740605
 0.5712823
 0.5685042
 0.5657261
 0.5629479
 0.5601698
 0.5573917
 0.55461353
 0.5518354
 0.5490573
 0.54627913
 0.543501
 0.5407229
 0.5379448
 0.5351666
 0.5323885
 0.5296104
 0.5268322
 0.5240541
 0.521276
 0.5184978
 0.5157197
 0.5129416
 0.5101634
 0.5073853
 0.5046072
 0.5018291
 0.49905095
 0.4962728
 0.4934947
 0.49071655
 0.4879384
 0.4851603
 0.48238215
 0.479604
 0.4768259
 0.47404775
 0.4712696
 0.4684915
 0.46571338
 0.46293524
 0.4601571
 0.45737898
 0.4546008
 0.4518227
 0.4490446
 0.44626644
 0.44348833
 0.4407102
 0.43793204
 0.43515393
 0.4323758
 0.42959765
 0.42681953
 0.4240414
 0.42126325
 0.41848516
 0.415707
 0.41292888
 0.41015077
 0.40737262
 0.40459448
 0.40181637
 0.39903823
 0.39626008
 0.39348197
 0.39070383
 0.3879257
 0.38514754
 0.38236943
 0.37959132
 0.37681317
 0.37403503
 0.37125692
 0.36847878
 0.36570066
 0.36292252
 0.36014438
 0.35736626
 0.35458815
 0.35180998
 0.34903187
 0.34625375
 0.34347558
 0.34069747
 0.33791935
 0.33514118
 0.33236307
 0.32958496
 0.3268068
 0.32402867
 0.32125056
 0.31847245
 0.31569427
 0.31291616
 0.31013805
 0.3073599
 0.30458176
 0.30180365
 0.2990255
 0.2962474
 0.29346925
 0.2906911
 0.287913
 0.28513485
 0.28235674
 0.2795786
 0.27680045
 0.27402234
 0.2712442
 0.26846606
 0.26568794
 0.26290983
 0.26013166
 0.25735354
 0.25457543
 0.2517973
 0.24901915
 0.24624103
 0.24346289
 0.24068475
 0.23790663
 0.23512849
 0.23235038
 0.22957224
 0.22679411
 0.22401598
 0.22123785
 0.21845971
 0.2156816
 0.21290345
 0.21489018
 0.21687688
 0.2188636
 0.22085032
 0.22283703
 0.22482374
 0.22681046
 0.22879717
 0.23078388
 0.23277059
 0.23475732
 0.23674405
 0.23873074
 0.24071747
 0.24270418
 0.2446909
 0.2466776
 0.24866432
 0.25065103
 0.25263774
 0.25462446
 0.25661117
 0.2585979
 0.2605846
 0.26257133
 0.26455802
 0.26654476
 0.26853147
 0.27051818
 0.2725049
 0.2744916
 0.27647832
 0.27846503
 0.28045174
 0.28243846
 0.28442517
 0.28641188
 0.28839862
 0.29038534
 0.29237205
 0.29435876
 0.29634547
 0.29833218
 0.3003189
 0.3023056
 0.30429235
 0.30627903
 0.30826578
 0.3102525
 0.3122392
 0.3142259
 0.31621262
 0.31819934
 0.32018605
 0.3221728
 0.3241595
 0.3261462
 0.3281329
 0.33011964
 0.33210635
 0.33409306
 0.33607975
 0.3380665
 0.3400532
 0.3420399
 0.34402663
 0.34601337
 0.34800008
 0.3499868
 0.35197347
 0.3539602
 0.35594693
 0.35793364
 0.35992035
 0.36190706
 0.36389378
 0.3658805
 0.36786723
 0.3698539
 0.37184066
 0.37382734
 0.37581408
 0.37780076
 0.3797875
 0.38177422
 0.38376093
 0.38574767
 0.38773435
 0.38972107
 0.39170778
 0.39369452
 0.3956812
 0.39766794
 0.39965463
 0.40164137
 0.40362808
 0.4056148
 0.40760154
 0.40958822
 0.41157496
 0.41356167
 0.41554835
 0.41753507
 0.4195218
 0.42150852
 0.42349523
 0.42548195
 0.42746866
 0.4294554
 0.43144208
 0.43342882
 0.43541554
 0.43740222
 0.43938893
 0.44137567
 0.44336239
 0.4453491
 0.4473358
 0.44932252
 0.45130926
 0.45329598
 0.4552827
 0.45726937
 0.45925608
 0.4612428
 0.46322954
 0.46521625
 0.46720296
 0.46918967
 0.4711764
 0.4731631
 0.4751498
 0.47713652
 0.47912326
 0.48110998
 0.4830967
 0.4850834
 0.4870701
 0.48905683
 0.49104354
 0.49303025
 0.49501696
 0.49700367
 0.49899042
 0.50097716
 0.50296384
 0.5049505
 0.50693727
 0.508924
 0.5109107
 0.5128974
 0.5148841
 0.51687086
 0.51885754
 0.5208443
 0.52283096
 0.5248177
 0.52680445
 0.5287911
 0.5307778
 0.53276455
 0.5347513
 0.536738
 0.5387247
 0.5407114
 0.54269814
 0.5446848
 0.54667157
 0.54865825
 0.550645
 0.55263174
 0.5546184
 0.5566051
 0.55859184
 0.5605786
 0.56256527
 0.564552
 0.5665387
 0.56852543
 0.5705122
 0.57249886
 0.57448554
 0.5764723
 0.578459
 0.5804457
 0.58243245
 0.58441913
 0.5864059
 0.58839256
 0.5903793
 0.592366
 0.5943527
 0.59633946
 0.59832615
 0.6003129
 0.6022996
 0.6042863
 0.606273
 0.60825974
 0.6102464
 0.61223316
 0.6142199
 0.6162066
 0.61819327
 0.62018
 0.62216675
 0.62415344
 0.6261402
 0.62812686
 0.6301136
 0.63210034
 0.634087
 0.6360737
 0.63806045
 0.6400472
 0.6420339
 0.64402056
 0.6460073
 0.64799404
 0.6499808
 0.65196747
 0.65395415
 0.6559409
 0.65792763
 0.6599143
 0.661901
 0.66388774
 0.6658745
 0.66786116
 0.6698479
 0.6718346
 0.67382133
 0.6758081
 0.67779475
 0.67978144
 0.6817682
 0.6837549
 0.6857416
 0.68772835
 0.689715
 0.69170177
 0.69368845
 0.6956752
 0.6976619
 0.6996486
 0.70163536
 0.70362204
 0.7056088
 0.70759547
 0.7095822
 0.7115689
 0.71355563
 0.7155423
 0.71752906
 0.71951574
 0.7215025
 0.72096914
 0.72043586
 0.7199025
 0.71936923
 0.7188359
 0.7183026
 0.71776927
 0.7172359
 0.7167026
 0.7161693
 0.71563596
 0.7151026
 0.71456933
 0.714036
 0.7135027
 0.71296936
 0.7124361
 0.71190274
 0.7113694
 0.71083605
 0.71030277
 0.7097694
 0.70923615
 0.7087028
 0.70816946
 0.7076362
 0.70710284
 0.70656955
 0.7060362
 0.70550287
 0.7049695
 0.70443624
 0.70390296
 0.7033696
 0.7028363
 0.70230293
 0.70176965
 0.7012363
 0.700703
 0.7001697
 0.69963634
 0.699103
 0.6985697
 0.69803643
 0.6975031
 0.69696975
 0.6964364
 0.6959031
 0.6953698
 0.6948365
 0.69430315
 0.6937698
 0.69323653
 0.69270325
 0.6921699
 0.69163656
 0.6911033
 0.6905699
 0.6900366
 0.68950325
 0.68896997
 0.6884366
 0.68790334
 0.68737
 0.68683666
 0.6863034
 0.68577003
 0.6852367
 0.6847034
 0.68417007
 0.6836368
 0.68310344
 0.68257016
 0.6820368
 0.68150353
 0.6809702
 0.68043685
 0.6799035
 0.6793702
 0.6788369
 0.67830354
 0.67777026
 0.6772369
 0.67670363
 0.6761703
 0.675637
 0.67510366
 0.6745703
 0.67403704
 0.6735037
 0.6729704
 0.6724371
 0.6719037
 0.67137045
 0.6708371
 0.6703038
 0.6697705
 0.66923714
 0.6687038
 0.6681705
 0.6676372
 0.6671039
 0.66657054
 0.6660372
 0.6655039
 0.6649706
 0.6644373
 0.66390395
 0.6633706
 0.6628373
 0.662304
 0.6617707
 0.66123736
 0.6607041
 0.66017073
 0.6596374
 0.6591041
 0.65857077
 0.6580374
 0.65750414
 0.65697086
 0.6564375
 0.6559042
 0.6553709
 0.65483755
 0.6543042
 0.6537709
 0.6532376
 0.6527043
 0.6521709
 0.6516376
 0.65110433
 0.650571
 0.65003765
 0.64950436
 0.6489711
 0.6484377
 0.6479044
 0.6473711
 0.6468377
 0.6463044
 0.64577115
 0.6452378
 0.64470446
 0.6441711
 0.64363784
 0.6431045
 0.6425712
 0.64203787
 0.6415045
 0.64097124
 0.64043796
 0.6399046
 0.6393713
 0.63883793
 0.6383046
 0.63777137
 0.637238
 0.6367047
 0.63617134
 0.635638
 0.6351048
 0.63457143
 0.6340381
 0.63350475
 0.6329714
 0.6324382
 0.63190484
 0.6313715
 0.63083816
 0.6303048
 0.62977153
 0.62923825
 0.6287049
 0.62817156
 0.6276383
 0.62710494
 0.62657166
 0.6260383
 0.62550503
 0.6249716
 0.62443835
 0.62390506
 0.6233717
 0.6228384
 0.6223051
 0.62177175
 0.6212384
 0.6207051
 0.62017184
 0.61963844
 0.61910516
 0.6185718
 0.61803854
 0.6175052
 0.61697185
 0.6164385
 0.6159053
 0.61537194
 0.6148386
 0.6143053
 0.613772
 0.61323863
 0.61270535
 0.612172
 0.61163867
 0.6111054
 0.61057204
 0.6100387
 0.6095054
 0.6089721
 0.60843873
 0.60790545
 0.6073721
 0.6068388
 0.6063055
 0.60577214
 0.6052388
 0.6047055
 0.6041722
 0.6036389
 0.60310555
 0.6025722
 0.6020389
 0.60150564
 0.6009723
 0.60043895
 0.5999056
 0.5993723
 0.59883904
 0.5983057
 0.59777236
 0.597239
 0.59670573
 0.5961724
 0.5956391
 0.59510577
 0.5945724
 0.5940391
 0.5935058
 0.5929725
 0.5924392
 0.59190583
 0.5913725
 0.5908392
 0.59030586
 0.5897725
 0.58923924
 0.5887059
 0.5881726
 0.58763933
 0.587106
 0.58657265
 0.5860393
 0.585506
 0.5849727
 0.5834235
 0.5818744
 0.5803252
 0.578776
 0.5772269
 0.5756777
 0.57412845
 0.57257926
 0.57103014
 0.56948096
 0.5679318
 0.56638265
 0.56483346
 0.5632843
 0.56173515
 0.56018597
 0.5586368
 0.5570876
 0.5555384
 0.5539893
 0.5524401
 0.5508909
 0.54934174
 0.54779255
 0.5462434
 0.54469424
 0.54314506
 0.54159594
 0.5400467
 0.53849757
 0.5369484
 0.5353992
 0.5338501
 0.5323009
 0.5307517
 0.5292025
 0.52765334
 0.5261042
 0.524555
 0.52300584
 0.52145666
 0.51990753
 0.51835835
 0.51680917
 0.51526
 0.51371086
 0.5121617
 0.5106125
 0.5090633
 0.5075141
 0.505965
 0.5044158
 0.5028666
 0.50131744
 0.49976832
 0.4982191
 0.49666995
 0.49512076
 0.4935716
 0.49202245
 0.49047327
 0.4889241
 0.4873749
 0.48582575
 0.48427656
 0.4827274
 0.48117822
 0.47962907
 0.4780799
 0.4765307
 0.47498155
 0.47343236
 0.47188324
 0.47033405
 0.46878487
 0.4672357
 0.46568653
 0.46413735
 0.4625882
 0.461039
 0.45948985
 0.45794067
 0.45639148
 0.45484233
 0.45329314
 0.45174402
 0.45019484
 0.44864565
 0.44709647
 0.44554728
 0.44399816
 0.44244897
 0.4408998
 0.43935063
 0.43780145
 0.4362523
 0.4347031
 0.43315393
 0.43160474
 0.4300556
 0.42850643
 0.42695725
 0.42540807
 0.4238589
 0.42230976
 0.42076057
 0.41921142
 0.41766223
 0.41611308
 0.4145639
 0.4130147
 0.41146556
 0.40991637
 0.40836722
 0.40681803
 0.40526885
 0.4037197
 0.4021705
 0.40062135
 0.3990722
 0.39752302
 0.39597386
 0.39442468
 0.3928755
 0.39132634
 0.38977715
 0.388228
 0.3866788
 0.38512963
 0.38358048
 0.38203132
 0.38048214
 0.37893295
 0.3773838
 0.37583464
 0.37428546
 0.37273628
 0.3711871
 0.3696379
 0.36808875
 0.3665396
 0.3649904
 0.36344123
 0.36189207
 0.36034292
 0.35879374
 0.35724455
 0.3556954
 0.35414624
 0.35259706
 0.35104787
 0.3494987
 0.34794953
 0.34640038
 0.3448512
 0.343302
 0.34175283
 0.34020367
 0.33865452
 0.33710533
 0.33555615
 0.334007
 0.33245784
 0.33090866
 0.32935947
 0.3278103
 0.32626113
 0.32471198
 0.3231628
 0.3216136
 0.32006446
 0.31851527
 0.31696612
 0.31541693
 0.31386775
 0.3123186
 0.31076944
 0.30922025
 0.30767107
 0.30612192
 0.30457273
 0.30302358
 0.3014744
 0.2999252
 0.29837608
 0.29682687
 0.29527768
 0.29372853
 0.29217938
 0.2906302
 0.289081
 0.28753185
 0.28598267
 0.2844335
 0.28288436
 0.28133518
 0.279786
 0.27823684
 0.27668768
 0.2751385
 0.2735893
 0.27204016
 0.27049097
 0.26894182
 0.26739264
 0.26584345
 0.2642943
 0.2627451
 0.26119596
 0.25964677
 0.25809762
 0.25654843
 0.25499928
 0.2534501
 0.2519009
 0.25035176
 0.24880259
 0.24725342
 0.24570425
 0.24415508
 0.2426059
 0.24105674
 0.23950756
 0.2379584
 0.23640922
 0.23486006
 0.23331088
 0.23176171
 0.23021254
 0.22866337
 0.2271142
 0.22556503
 0.22401586
 0.22246668
 0.22091752
 0.21936835
 0.21781917
 0.21627
 0.21472083
 0.21317166
 0.21162249
 0.21007332
 0.20852415
 0.20697498
 0.20542581
 0.20387664
 0.20232747
 0.2007783
 0.19922914
 0.19767995
 0.19613078
 0.19458161
 0.19303244
 0.19148327
 0.1899341
 0.18838494
 0.18830065
 0.18821637
 0.1881321
 0.18804783
 0.18796355
 0.18787926
 0.187795
 0.18771073
 0.18762645
 0.18754217
 0.18745789
 0.18737361
 0.18728933
 0.18720505
 0.18712078
 0.1870365
 0.18695222
 0.18686795
 0.18678367
 0.1866994
 0.18661512
 0.18653083
 0.18644658
 0.1863623
 0.18627802
 0.18619373
 0.18610945
 0.18602517
 0.1859409
 0.18585663
 0.18577236
 0.18568808
 0.1856038
 0.18551952
 0.18543524
 0.18535097
 0.18526669
 0.18518241
 0.18509814
 0.18501386
 0.18492958
 0.1848453
 0.18476102
 0.18467674
 0.18459246
 0.1845082
 0.18442392
 0.18433964
 0.18425536
 0.18417108
 0.18408681
 0.18400253
 0.18391825
 0.18383397
 0.18374969
 0.18366541
 0.18358114
 0.18349686
 0.1834126
 0.18332832
 0.18324403
 0.18315977
 0.18307549
 0.1829912
 0.18290693
 0.18282266
 0.18273836
 0.1826541
 0.18256982
 0.18248555
 0.18240127
 0.18231699
 0.18223271
 0.18214844
 0.18206416
 0.1819799
 0.18189561
 0.18181133
 0.18172705
 0.18164277
 0.1815585
 0.18147424
 0.18138994
 0.18130568
 0.1812214
 0.18113711
 0.18105283
 0.18096855
 0.18088429
 0.1808
 0.18071574
 0.18063146
 0.18054718
 0.1804629
 0.18037862
 0.18029435
 0.18021008
 0.1801258
 0.18004152
 0.17995724
 0.17987296
 0.1797887
 0.17970441
 0.17962015
 0.17953587
 0.17945158
 0.1793673
 0.17928302
 0.17919874
 0.17911449
 0.1790302
 0.17894591
 0.17886165
 0.17877737
 0.17869309
 0.1786088
 0.17852454
 0.17844026
 0.17835599
 0.17827171
 0.17818743
 0.17810315
 0.17801888
 0.1779346
 0.17785034
 0.17776604
 0.17768177
 0.1775975
 0.17751323
 0.17742893
 0.17734466
 0.17726038
 0.17717612
 0.17709182
 0.17700756
 0.17692327
 0.17683901
 0.17675471
 0.17667045
 0.17658617
 0.1765019
 0.1764176
 0.17633334
 0.17624906
 0.17616478
 0.17608051
 0.17599623
 0.17591195
 0.17582768
 0.1757434
 0.17565912
 0.17557484
 0.17549057
 0.17540629
 0.17532203
 0.17523775
 0.17515346
 0.17506918
 0.1749849
 0.17490062
 0.17481634
 0.17473207
 0.1746478
 0.17456353
 0.17447925
 0.17439497
 0.17431068
 0.1742264
 0.17414214
 0.17405786
 0.17397358
 0.17388931
 0.17380503
 0.17372075
 0.17363648
 0.17355219
 0.17346792
 0.17338365
 0.17329936
 0.17321509
 0.17313081
 0.17304654
 0.17296225
 0.17287798
 0.1727937
 0.17270944
 0.17262514
 0.17254087
 0.17245659
 0.17237233
 0.17228803
 0.17220376
 0.17211948
 0.17203522
 0.17195094
 0.17186666
 0.17178237
 0.17169811
 0.17161383
 0.17152955
 0.17144527
 0.171361
 0.17127672
 0.17119244
 0.17110816
 0.17102389
 0.17093961
 0.17085533
 0.17077106
 0.17068678
 0.1706025
 0.17051822
 0.17043394
 0.17034967
 0.17026539
 0.17018113
 0.17009684
 0.17001256
 0.16992828
 0.169844
 0.16975972
 0.16967545
 0.16959117
 0.16950691
 0.16942263
 0.16933835
 0.16925406
 0.16916978
 0.16908552
 0.16900124
 0.16891697
 0.16883269
 0.16874841
 0.16866413
 0.16857985
 0.16849558
 0.1684113
 0.16832702
 0.16824275
 0.16815847
 0.16807419
 0.16798991
 0.16790563
 0.16782136
 0.16773708
 0.1676528
 0.16756853
 0.16748425
 0.16739997
 0.16731569
 0.16723143
 0.16714714
 0.16706286
 0.16697858
 0.16689432
 0.16681004
 0.16846271
 0.17011538
 0.17176805
 0.17342073
 0.1750734
 0.17672607
 0.17837875
 0.18003142
 0.18168409
 0.18333676
 0.18498944
 0.18664211
 0.18829478
 0.18994746
 0.19160013
 0.1932528
 0.19490547
 0.19655815
 0.19821082
 0.1998635
 0.20151617
 0.20316884
 0.20482151
 0.20647418
 0.20812686
 0.20977953
 0.2114322
 0.21308488
 0.21473755
 0.21639022
 0.2180429
 0.21969557
 0.22134824
 0.22300091
 0.22465359
 0.22630626
 0.22795893
 0.2296116
 0.23126428
 0.23291695
 0.23456962
 0.2362223
 0.23787497
 0.23952764
 0.24118032
 0.24283299
 0.24448566
 0.24613833
 0.247791
 0.24944368
 0.25109637
 0.25274903
 0.25440168
 0.25605437
 0.25770706
 0.25935972
 0.26101238
 0.26266506
 0.26431775
 0.2659704
 0.26762307
 0.26927575
 0.27092844
 0.2725811
 0.27161857
 0.27065605
 0.26969352
 0.268731
 0.2677685
 0.26680598
 0.26584345
 0.26488093
 0.2639184
 0.26295587
 0.26199335
 0.26103082
 0.2600683
 0.25910577
 0.25814325
 0.25718075
 0.25621822
 0.2552557
 0.25429317
 0.25333065
 0.25236812
 0.2514056
 0.25044307
 0.24948055
 0.24851802
 0.24755551
 0.24659298
 0.24563046
 0.24466795
 0.24370542
 0.2427429
 0.24178037
 0.24081784
 0.23985532
 0.2388928
 0.23793028
 0.23696776
 0.23600523
 0.2350427
 0.2340802
 0.23311767
 0.23215514
 0.23119262
 0.2302301
 0.22926757
 0.22830506
 0.22734253
 0.22638
 0.22541748
 0.22445495
 0.22349244
 0.22252992
 0.22156739
 0.22060487
 0.21964234
 0.21867982
 0.2177173
 0.21675478
 0.21579225
 0.21482973
 0.2138672
 0.21290469
 0.21194217
