 0.73608035
 0.60439706
 0.62951887
 0.5243737
 0.09232913
 0.4944706
 0.18781283
 0.0941963
 0.09247459
 0.042769395
 0.7559328
 0.9469264
 0.66873056
 0.752897
 0.7013333
 0.42686924
 0.45123374
 0.19002469
 0.914967
 0.84223235
 0.5879717
 0.32274628
 0.28761545
 0.676762
 0.09333662
 0.023441697
 0.802736
 0.954029
 0.21358573
 0.02792973
 0.35910583
 0.68014395
 0.54748964
 0.90519184
 0.6865452
 0.5406845
 0.9104499
 0.8379478
 0.9679998
 0.27761525
 0.18036737
 0.26486486
 0.031264704
 0.421981
 0.6135416
 0.6851813
 0.2236305
 0.3081561
 0.36888412
 0.17652582
 0.3327332
 0.5454293
 0.22872537
 0.42671394
 0.16688885
 0.37270692
 0.7544972
 0.33030298
 0.65819424
 0.57211477
 0.36557204
 0.4506861
 0.60167515
 0.86727995
 0.07954068
 0.89850754
 0.3937631
 0.98207474
 0.9022082
 0.42717972
 0.38338175
 0.7856022
 0.105591476
 0.79628384
 0.698925
 0.19920678
 0.8821975
 0.70363474
 0.6644068
 0.79128927
 0.11386555
 0.83679175
 0.16806482
 0.23570856
 0.24345282
 0.8447965
 0.59669936
 0.059550937
 0.48764616
 0.28091925
 0.19902775
 0.3560485
 0.8791801
 0.81719446
 0.99133635
 0.3884275
 0.876743
 0.28152737
 0.5687114
 0.26046827
 0.53085285
 0.31815243
 0.43512943
 0.07955781
 0.44398275
 0.72222537
 0.715689
 0.28801614
 0.013218819
 0.74932945
 0.3642646
 0.08847817
 0.6937307
 0.9506778
 0.22986421
 0.13911161
 0.27133673
 0.3347927
 0.59497195
 0.94445276
 0.3824439
 0.9064429
 0.04915648
 0.6176413
 0.7696453
 0.883621
 0.8112272
 0.9398352
 0.011255085
 0.14334133
 0.8632185
 0.8925866
 0.7130629
 0.6970399
 0.5094844
 0.088961296
 0.40058848
 0.24635756
 0.22418414
 0.77918136
 0.60011864
 0.120088
 0.90043986
 0.3565732
 0.8468064
 0.14307123
 0.8644483
 0.5396022
 0.60811496
 0.23781434
 0.26782724
 0.6557747
 0.3608871
 0.80962044
 0.7214776
 0.70318925
 0.31032097
 0.2160072
 0.28424397
 0.1155178
 0.48913428
 0.8711962
 0.16965234
 0.40619838
 0.22519742
 0.7864542
 0.784009
 0.11762053
 0.2159173
 0.597068
 0.9591397
 0.7510845
 0.69765276
 0.37673348
 0.49305165
 0.60331595
 0.44844306
 0.79014075
 0.36179867
 0.6853165
 0.61233056
 0.38453618
 0.21583179
 0.14933269
 0.5835589
 0.07104278
 0.024115391
 0.89972305
 0.438928
 0.09652021
 0.9792912
 0.31350622
 0.6565869
 0.056745406
 0.027170498
 0.24636972
 0.10954593
 0.7516954
 0.6338364
 0.7499219
 0.57218933
 0.9337134
 0.6536373
 0.17596766
 0.2280697
 0.2493395
 0.4113524
 0.5935891
 0.9172653
 0.925587
 0.36181125
 0.69481313
 0.111581706
 0.0014459885
 0.9402479
 0.6146462
 0.8558789
 0.15539502
 0.46667096
 0.34125838
 0.16380498
 0.42970258
 0.21753171
 0.6420974
 0.6062182
 0.40229914
 0.027970003
 0.6817141
 0.08057793
 0.60700136
 0.037920572
 0.7570807
 0.9995861
 0.25286967
 0.4453603
 0.82618266
 0.38736057
 0.5434801
 0.3799778
 0.75566643
 0.6214215
 0.1468923
 0.26054668
 0.46332282
 0.80877185
 0.6170945
 0.24928363
 0.38118836
 0.034352995
 0.81770647
 0.6664727
 0.9150458
 0.9701581
 0.64872235
 0.47863662
 0.82610446
 0.58328235
 0.62707436
 0.22353746
 0.71064234
 0.9311932
 0.12179819
 0.98528624
 0.0033903392
 0.2825005
 0.29458198
 0.28284433
 0.1804412
 0.051509246
 0.04647977
 0.9851969
 0.08746291
 0.28483418
 0.52157074
 0.61648005
 0.56899893
 0.6883595
 0.96834546
 0.66434294
 0.824636
 0.4328237
 0.009600616
 0.7548258
 0.16782072
 0.2263113
 0.62162304
 0.8070353
 0.11310667
 0.3919324
 0.37344474
 0.53089905
 0.96761256
 0.9389715
 0.7269498
 0.881279
 0.35247332
 0.865787
 0.4486148
 0.331727
 0.3300649
 0.18274222
 0.4336636
 0.081162
 0.06278451
 0.3934495
 0.49341804
 0.55675113
 0.17916705
 0.42260838
 0.90662557
 0.8262756
 0.2731194
 0.2287198
 0.78554535
 0.7832628
 0.2120534
 0.58995616
 0.55757374
 0.21816558
 0.1796993
 0.80147034
 0.113190725
 0.13887045
 0.6293804
 0.27242306
 0.4210082
 0.95381516
 0.5735305
 0.2610114
 0.6607018
 0.380998
 0.8852352
 0.23577869
 0.17460713
 0.19615874
 0.53757834
 0.6014877
 0.7887618
 0.18341404
 0.95657516
 0.7778375
 0.30417454
 0.90162694
 0.9134726
 0.86930656
 0.20910266
 0.12979302
 0.632199
 0.41440204
 0.91311896
 0.10472339
 0.037743807
 0.95259714
 0.05374943
 0.91430694
 0.3212487
 0.39723808
 0.6764633
 0.65963197
 0.24759144
 0.45270085
 0.33879584
 0.24924897
 0.8812434
 0.56408054
 0.43938634
 0.93885607
 0.65618277
 0.13769291
 0.3227113
 0.9796877
 0.9656436
 0.02067087
 0.9602951
 0.98888844
 0.6974831
 0.4779357
 0.25917885
 0.90515304
 0.39094743
 0.15482578
 0.29842865
 0.6429131
 0.94061774
 0.7636627
 0.044464797
 0.80835336
 0.023317795
 0.48253697
 0.34599304
 0.090537295
 0.6737642
 0.30459404
 0.25931913
 0.19092372
 0.6847407
 0.8261022
 0.0048277434
 0.40455613
 0.757577
 0.21158329
 0.10540751
 0.2162053
 0.5787151
 0.3242878
 0.50760293
 0.5247472
 0.24814224
 0.26029536
 0.7362744
 0.35905632
 0.7354737
 0.77452207
 0.38354835
 0.19869728
 0.28946477
 0.33691576
 0.48283744
 0.26269406
 0.9767353
 0.8071204
 0.5687134
 0.37965995
 0.77548575
 0.9658911
 0.473413
 0.30256808
 0.8999881
 0.391541
 0.16075832
 0.5814445
 0.28163162
 0.4197008
 0.14827323
 0.35726488
 0.38230464
 0.17467271
 0.31827664
 0.690336
 0.7658948
 0.91066
 0.16873407
 0.28644356
 0.10368736
 0.1511532
 0.804649
 0.7340469
 0.53944474
 0.36475402
 0.22077471
 0.61580294
 0.58994615
 0.16571906
 0.67642826
 0.10769951
 0.0067712325
 0.2775035
 0.21318808
 0.9290799
 0.27510658
 0.7475868
 0.6162556
 0.75684
 0.6753582
 0.15186134
 0.37026295
 0.46707878
 0.08334977
 0.77686524
 0.41030794
 0.81748366
 0.9348891
 0.018140715
 0.7189969
 0.4337323
 0.030483129
 0.48299915
 0.070277154
 0.2131912
 0.10598344
 0.53597414
 0.47084072
 0.5091935
 0.3449428
 0.27524397
 0.09987955
 0.7091763
 0.25846472
 0.17830415
 0.7979742
 0.069959104
 0.60832685
 0.9051721
 0.4058974
 0.9234448
 0.2991594
 0.9974048
 0.50411284
 0.6160241
 0.4154602
 0.4612102
 0.3537515
 0.79496473
 0.82922727
 0.47293478
 0.08984601
 0.90506727
 0.05399042
 0.69520754
 0.4676047
 0.008867658
 0.27102298
 0.9420217
 0.71250635
 0.29366872
 0.70351493
 0.18103626
 0.27499714
 0.8786815
 0.7644889
 0.11137746
 0.54057056
 0.7855576
 0.65423954
 0.8052223
 0.79601234
 0.18559426
 0.3330791
 0.15144493
 0.0025909585
 0.2868922
 0.045168158
 0.0896075
 0.17697494
 0.47474942
 0.819215
 0.8725761
 0.43065894
 0.5685702
 0.6218235
 0.8460437
 0.96867913
 0.30857214
 0.089271404
 0.4832412
 0.5983992
 0.43557116
 0.013499648
 0.66311723
 0.5491489
 0.9771271
 0.008094806
 0.43026915
 0.6534954
 0.60332954
 0.030045185
 0.7249051
 0.19092931
 0.16550712
 0.6830522
 0.8211194
 0.944747
 0.7811394
 0.4781781
 0.46176234
 0.27290887
 0.07825389
 0.47761148
 0.92818487
 0.24365738
 0.46258995
 0.9973316
 0.5331407
 0.13667333
 0.52080876
 0.294453
 0.275126
 0.86055356
 0.923033
 0.4150314
 0.6424384
 0.08739074
 0.43799576
 0.62811244
 0.8052365
 0.15523627
 0.92408085
 0.1218041
 0.6838812
 0.039227728
 0.40953547
 0.88715476
 0.63184
 0.9421623
 0.62513614
 0.96561694
 0.72143507
 0.30529693
 0.6025901
 0.48587966
 0.87071776
 0.2901573
 0.20195225
 0.16584875
 0.29974917
 0.032135762
 0.6813399
 0.20555809
 0.054568496
 0.21666048
 0.67222583
 0.746792
 0.5871314
 0.7787165
 0.17359117
 0.3252001
 0.6294981
 0.77650005
 0.42821977
 0.99068654
 0.85055393
 0.7399875
 0.7944145
 0.02185387
 0.03354208
 0.045200106
 0.9764177
 0.41028395
 0.7626911
 0.11494569
 0.22681566
 0.54043597
 0.85721797
 0.4968188
 0.3842101
 0.7409438
 0.040987447
 0.11924033
 0.85943645
 0.6330932
 0.58610994
 0.2763178
 0.933611
 0.45226064
 0.91875803
 0.14230803
 0.98128766
 0.76809496
 0.42548406
 0.86646277
 0.48200637
 0.27922252
 0.9483192
 0.54903907
 0.93351305
 0.6082579
 0.7069352
 0.6492554
 0.02993387
 0.2729007
 0.6361512
 0.6259748
 0.7181842
 0.2589006
 0.37706488
 0.8618964
 0.99589336
 0.87067056
 0.4100916
 0.17203642
 0.56412727
 0.7853308
 0.068190485
 0.44728005
 0.6981891
 0.48596385
 0.41856033
 0.23378518
 0.9497804
 0.49986264
 0.25108582
 0.29901972
 0.5438029
 0.11755207
 0.6618155
 0.48521328
 0.58308285
 0.5183661
 0.96975285
 0.40100476
 0.4242989
 0.4783612
 0.95524114
 0.75206673
 0.838395
 0.086347245
 0.6582245
 0.36148867
 0.81875914
 0.14381768
 0.22466534
 0.18069898
 0.15044975
 0.17455965
 0.5393993
 0.8417085
 0.1037506
 0.21972556
 0.6337105
 0.55145574
 0.86533535
 0.8441474
 0.105906315
 0.3790354
 0.5703237
 0.029674958
 0.04317432
 0.23659158
 0.048509263
 0.8813191
 0.18300225
 0.104656614
 0.64804167
 0.32198176
 0.30244198
 0.3027172
 0.7498431
 0.20155321
 0.0734993
 0.8557885
 0.83604133
 0.4961586
 0.87293005
 0.25777832
 0.22569953
 0.52333456
 0.28472444
 0.18242115
 0.8411253
 0.348917
 0.28356096
 0.94256556
 0.6180393
 0.81142217
 0.33750987
 0.7485936
 0.422885
 0.8397009
 0.9182695
 0.06675577
 0.59056073
 0.98964846
 0.15721469
 0.6282011
 0.44585553
 0.3757511
 0.63553995
 0.88948464
 0.4218696
 0.42324948
 0.54677796
 0.9953332
 0.6387012
 0.116701715
 0.7199747
 0.54445034
 0.05568054
 0.67072636
 0.24180286
 0.7091428
 0.5604327
 0.7987068
 0.66589415
 0.50954837
 0.6080498
 0.005238428
 0.04767228
 0.2932473
 0.27365524
 0.5780993
 0.29296774
 0.7210383
 0.8316392
 0.2055269
 0.5586954
 0.80966014
 0.22484845
 0.3945803
 0.6938764
 0.8322407
 0.037011072
 0.116370596
 0.95928574
 0.12725388
 0.8316768
 0.35394022
 0.51400614
 0.11676635
 0.970955
 0.47857222
 0.40717044
 0.084754914
 0.27733162
 0.6303111
 0.063172825
 0.51627606
 0.15184523
 0.5284763
 0.4986307
 0.048268788
 0.011904818
 0.38794973
 0.7593783
 0.3327719
 0.16202968
 0.8670183
 0.31577343
 0.36333725
 0.46079296
 0.22255273
 0.4045979
 0.065419815
 0.3972501
 0.098304756
 0.5558343
 0.20152633
 0.44013327
 0.6221022
 0.7925987
 0.8919033
 0.77309346
 0.7377252
 0.24251203
 0.30154574
 0.77927077
 0.94724303
 0.1487899
 0.29430836
 0.88847476
 0.8895945
 0.5193338
 0.10489949
 0.6502562
 0.43119138
 0.9021033
 0.32954
 0.14615066
 0.19432747
 0.025051825
 0.78606784
 0.10437605
 0.6991743
 0.28890616
 0.044269558
 0.33026496
 0.5451437
 0.35107172
 0.67722034
 0.31571302
 0.3074006
 0.2889446
 0.53441334
 0.14092478
 0.07430451
 0.08091136
 0.5874602
 0.031738073
 0.8015635
 0.3933184
 0.14914301
 0.18580835
 0.9088805
 0.91169155
 0.51660013
 0.7309339
 0.79487336
 0.7044873
 0.33942643
 0.9288039
 0.19605063
 0.35765758
 0.26346898
 0.9874494
 0.565623
 0.86830807
 0.6511004
 0.095679805
 0.89793295
 0.5357325
 0.42874998
 0.5427852
 0.67428327
 0.33810344
 0.3624745
 0.036786046
 0.8559456
 0.53310114
 0.31235006
 0.5845113
 0.100130476
 0.47076163
 0.2664658
 0.5467868
 0.6247
 0.8568254
 0.20530072
 0.7320146
 0.39740467
 0.9548677
 0.09726543
 0.6414244
 0.57542485
 0.46549156
 0.5761895
 0.22927906
 0.37099946
 0.07086577
 0.10153591
 0.79131454
 0.7689214
 0.8828876
 0.6521236
 0.8446963
 0.7716828
 0.28325272
 0.25413993
 0.11277271
 0.09804993
 0.8937129
 0.89422375
 0.9779075
 0.5108495
 0.66480297
 0.61840045
 0.015671646
 0.19974783
 0.3213184
 0.8676504
 0.47367677
 0.8948042
 0.6528245
 0.35089186
 0.80833054
 0.6365785
 0.3874786
 0.0061600176
 0.6427958
 0.37857652
 0.63744646
 0.8507625
 0.75943494
 0.8478117
 0.15419437
 0.77119374
 0.9900196
 0.3392668
 0.88193756
 0.5535885
 0.11698852
 0.37003508
 0.5475272
 0.7054965
 0.14903344
 0.36892328
 0.27505597
 0.8697587
 0.5842953
 0.8272971
 0.4634647
 0.88126755
 0.5244512
 0.5869506
 0.41543043
 0.76739097
 0.75297385
 0.19078095
 0.4558174
 0.24284276
 0.14084491
 0.47204944
 0.52797264
 0.4997797
 0.99300253
 0.80801016
 0.50614655
 0.34390724
 0.19880567
 0.7136876
 0.71232074
 0.9773745
 0.2997955
 0.70158476
 0.3757235
 0.9792401
 0.83803546
 0.5831021
 0.023314476
 0.28429028
 0.59831095
 0.6374495
 0.039520163
 0.21098998
 0.6074706
 0.32383248
 0.8835009
 0.8393486
 0.0041894456
 0.4626927
 0.7022307
 0.2894818
 0.14243613
 0.06178585
 0.32767183
 0.70164996
 0.54192454
 0.21287657
 0.8963244
 0.9685551
 0.54883194
 0.7348325
 0.5794328
 0.5206776
 0.820064
 0.48889884
 0.16213019
 0.71543336
 0.9943493
 0.5419334
 0.45980242
 0.6309329
 0.16344249
 0.6033856
 0.8099519
 0.31512448
 0.0067196656
 0.4117983
 0.12784381
 0.791101
 0.70244545
 0.9966154
 0.26421496
 0.3693529
 0.97899383
 0.9910757
 0.65332687
 0.06774868
 0.9193042
 0.42197442
 0.4896445
 0.19002263
 0.38185292
 0.6520737
 0.9214217
 0.36355323
 0.15142271
 0.4009432
 0.9994746
 0.5872116
 0.1829504
 0.020012185
 0.3694239
 0.09006223
 0.5517348
 0.44761437
 0.9456885
 0.05169724
 0.9732853
 0.5198064
 0.055510066
 0.48498482
 0.006093381
 0.56274176
 0.7912908
 0.83201367
 0.30060694
 0.44238132
 0.55952567
 0.07401435
 0.5076904
 0.4973208
 0.06460997
 0.40603936
 0.7098503
 0.03051804
 0.21580346
 0.77718204
 0.4885085
 0.2856999
 0.6956329
 0.84711695
 0.9906037
 0.08423067
 0.17801322
 0.15974195
 0.6078034
 0.5482234
 0.43437004
 0.5847037
 0.13160646
 0.5856748
 0.816043
 0.32758743
 0.49761814
 0.063405685
 0.8512527
 0.059553217
 0.48227888
 0.8435874
 0.9449115
 0.9671984
 0.96532786
 0.1096364
 0.41956025
 0.773429
 0.62128276
 0.6572575
 0.38571146
 0.030120231
 0.15321663
 0.076417096
 0.1798802
 0.23334832
 0.43211365
 2.8478207E-5
 0.35858485
 0.56197375
 0.15508473
 0.845129
 0.48659793
 0.29035833
 0.885724
 0.7223317
 0.20772868
 0.17599653
 0.58988786
 0.4393321
 0.33641887
 0.37284264
 0.03017767
 0.77425104
 0.9584325
 0.6711152
 0.6324071
 0.44459555
 0.7789213
 0.114359505
 0.68733597
 0.44761866
 0.20614688
 0.29454958
 9.5062633E-4
 0.6978591
 0.9091407
 0.8760113
 0.3565743
 0.1376426
 0.8375835
 0.14894731
 0.4020859
 0.746326
 0.94218504
 0.66334516
 0.8255308
 0.12406496
 0.08384588
 0.2440503
 0.932404
 0.57588714
 0.8698817
 0.9377847
 0.9878859
 0.8718516
 0.40559223
 0.69289225
 0.93731457
 0.10907615
 0.19945541
 0.8225932
 0.36817262
 0.35141322
 0.71022856
 0.5525273
 0.82687235
 0.97255623
 0.27423733
 0.20336832
 0.8536192
 0.8783574
 0.40113387
 0.80929023
 0.3486349
 0.03413791
 0.67640567
 0.22306718
 0.13302211
 0.9727723
 0.758916
 0.00858748
 0.8175512
 0.20932792
 0.21175747
 0.67156374
 0.34265062
 0.7380409
 0.15469939
 0.029219834
 0.8028822
 0.037409727
 0.97651136
 0.7697365
 0.4191826
 0.25918755
 0.59544307
 0.5022361
 0.772152
 0.5270551
 0.0061420435
 0.8480884
 0.65967155
 0.52075464
 0.10129105
 0.37431818
 0.19213055
 0.7714668
 0.0062455814
 0.41989678
 0.9885449
 0.3442113
 0.41495326
 0.11569728
 0.58684766
 0.8330528
 0.6654362
 0.14889607
 0.43163356
 0.84489316
 0.54311776
 0.07260139
 0.05263808
 0.39763147
 0.05027435
 0.21149014
 0.29723275
 0.908473
 0.62989455
 0.46423414
 0.73021793
 0.6981682
 0.58222574
 0.5534973
 0.56419396
 0.18696335
 0.6622902
 0.5242848
 0.73379236
 0.20804341
 0.09665191
 0.5414255
 0.9770483
 0.11424957
 0.50771433
 0.28696933
 0.037194625
 0.6038512
 0.4838321
 0.5082796
 0.3481609
 0.44115478
 0.7835164
 0.5176033
 0.8170559
 0.4977301
 0.41201597
 0.69389904
 0.566917
 0.7900357
 0.058554873
 0.28770515
 0.75300694
 0.4392244
 0.6325081
 0.07982772
 0.8159387
 0.72890997
 0.8867967
 0.69463164
 0.78491086
 0.68667704
 0.3667832
 0.6187143
 0.49433345
 0.86511433
 0.17294866
 0.22574389
 0.82712674
 0.24815366
 0.27563304
 0.35824406
 0.34797335
 0.4584947
 0.37011948
 0.26710483
 0.9398051
 0.691898
 0.5103443
 0.9596024
 0.30680627
 0.054126736
 0.009513605
 0.25670823
 0.45721403
 0.22631842
 0.34590793
 0.11046892
 0.5291976
 0.63456833
 0.06215608
 0.98223835
 0.57309705
 0.5495056
 0.8962595
 0.332543
 0.15330365
 0.7916429
 0.63264847
 0.5233615
 0.883062
 0.9682818
 0.411551
 0.68360084
 0.2554763
 0.41775414
 0.48495635
 0.33854845
 0.38400114
 0.2867812
 0.6574538
 0.85408366
 0.5156986
 0.41673195
 0.90022796
 0.9964281
 0.4305426
 0.9645612
 0.87649286
 0.15821692
 0.09005191
 0.9342096
 0.36664397
 0.05167252
 0.14853305
 0.044245634
 0.8314122
 0.919661
 0.19021423
 0.6075323
 0.6012985
 0.5654134
 0.80555165
 0.34869844
 0.43057182
 0.7516931
 0.8699896
 0.33519673
 0.4041116
 0.7701894
 0.6384551
 0.44772926
 0.4353753
 0.23192045
 0.51886904
 0.06582211
 0.8437729
 0.3794248
 0.6379543
 0.89432997
 0.74972934
 0.47152454
 0.5626226
 0.10665233
 0.2757163
 0.041439738
 0.7902216
 0.23044236
 0.7915342
 0.07903685
 0.87092245
 0.45158947
 0.6921263
 0.43799126
 0.2755302
 0.2622574
 0.44620526
 0.018645767
 0.37199762
 0.62875843
 0.9039749
 0.5273461
 0.123923965
 0.105045415
 0.10222617
 0.86303467
 0.37431976
 0.5676028
 0.055090908
 0.4318841
 0.827919
 0.49751773
 0.26873302
 0.94075125
 0.095320076
 0.9855124
 0.96825916
 0.47023353
 0.41223627
 0.8857195
 0.27512977
 0.8781083
 0.89713776
 0.7939812
 0.8233519
 0.8339371
 0.4605655
 0.7764537
 0.5527351
 0.035615467
 0.7293994
 0.024297528
 0.6674912
 0.40864974
 0.5993604
 0.86023647
 0.9984602
 0.33894247
 0.27902985
 0.7727646
 0.25724226
 0.23986702
 0.93866503
 0.4037839
 0.9205182
 0.0044133607
 0.32709432
 0.6654531
 0.7328387
 0.14318547
 0.9699715
 0.41202945
 0.06616459
 0.65903234
 0.81267154
 0.3424842
 0.6244383
 0.95909363
 0.42110875
 0.059673376
 0.23146881
 0.35504058
 0.103758335
 0.46184477
 0.6904105
 0.9522947
 0.568163
 0.89226294
 0.95311743
 0.9790042
 0.97520554
 0.7227328
 0.08765492
 0.85556024
 0.5044289
 0.2968038
 0.78224826
 0.55543387
 0.7936849
 0.408435
 0.3739514
 0.058115106
 0.8663924
 0.7419032
 0.64031583
 0.94493526
 0.4096873
 0.948735
 0.84234095
 0.43855387
 0.5167443
 0.28744373
 0.7569881
 0.43689123
 0.2565526
 0.0018531932
 0.687538
 0.34228826
 0.68442607
 0.8637887
 0.69007456
 0.7366745
 0.15653014
 0.5559176
 0.50437444
 0.20352578
 0.061705522
 0.82051903
 0.92748547
 0.84739244
 0.33387083
 0.5499661
 0.61827385
 0.31177995
 0.35828498
 0.24470039
 0.57122195
 0.34616253
 0.13495061
 0.51447994
 0.74775803
 0.22291146
 0.81244004
 0.54868305
 0.6033983
 0.55491924
 0.9554248
 0.73144823
 0.49898434
 0.31470063
 0.15918976
 0.8274317
 0.23429462
 0.105752215
 0.8744139
 0.4139641
 0.19231415
 0.9869513
 0.55549794
 0.48538715
 0.832441
 0.40077564
 0.49572086
 0.40535182
 0.5209127
 0.006125567
 0.96250606
 0.63285923
 0.93673307
 0.46652883
 0.49607906
 0.8978253
 0.5413804
 0.49451047
 0.48479694
 0.7519508
 0.850579
 0.7029082
 0.38043204
 0.6706776
 0.4964149
 0.06391517
 0.16669002
 0.132013
 0.31807703
 0.026630435
 0.94424427
 0.3480022
 0.96950495
 0.5938998
 0.74556774
 0.5746319
 0.78222495
 0.9092266
 0.94284314
 0.17594482
 0.871655
 0.15453543
 0.8622333
 0.86814654
 0.72516054
 0.80956817
 0.46779227
 0.8194872
 0.7601416
 0.5736955
 0.22829936
 0.53169745
 0.59043336
 0.5009236
 0.5302961
 0.67876154
 0.98930055
 0.14887808
 0.25060856
 0.32880753
 0.7873076
 0.7925465
 0.3516356
 0.22489674
 0.19334547
 0.0035598658
 0.61268455
 0.050493296
 0.2770964
 0.14579536
 0.8606354
 0.8553952
 0.6012178
 0.588081
 0.3132149
 0.06790782
 0.2415272
 0.6847837
 0.89816195
 0.7690416
 0.6834679
 0.8250615
 0.66156495
 0.15451482
 0.33313873
 0.101562224
 0.6286532
 0.36034256
 0.63116723
 0.3993486
 0.73032296
 0.07779388
 0.0077087227
 0.95583194
 0.6586794
 0.63349736
 0.16685206
 0.6924956
 0.7648765
 0.46047714
 0.43871328
 0.86918855
 0.36253494
 0.13590036
 0.18749847
 0.8617718
 0.05002022
 0.4113171
 0.5138173
 0.113897875
 0.91486186
 0.9111744
 0.7395281
 0.56370413
 0.73359466
 0.42538556
 0.41339624
 0.096203096
 0.53030425
 0.9717355
 0.825846
 0.8221489
 0.10715652
 0.053904105
 0.27108908
 0.23416261
 0.4101942
 0.7908886
 0.5449087
 0.5408965
 0.8436799
 0.84360564
 0.41638252
 0.73001957
 0.8962686
 0.31445515
 0.061824363
 0.16080539
 0.6922892
 0.04562706
 0.6992265
 0.7371024
 0.33141774
 0.9919313
 0.9114839
 0.96146935
 0.1300228
 0.59393364
 0.396681
 0.4212567
 0.12746452
 0.32717752
 0.13372326
 0.50741434
 0.47062844
 0.853274
 0.20159382
 0.41680855
 0.5399755
 0.44863984
 0.740517
 0.7388275
 0.93038946
 0.6366669
 0.7933099
 0.17705864
 0.6501028
 0.19910173
 0.015203152
 0.20681709
 0.15098262
 0.992419
 0.490412
 0.71930814
 0.05345748
 0.24496782
 0.14373945
 0.95320374
 0.6793669
 0.260674
 0.48549208
 0.26441532
 0.756014
 0.70507836
 0.67799044
 0.5348431
 0.9047036
 0.8994928
 0.16195449
 0.27088398
 0.77704597
 0.79905534
 0.3310463
 0.6924793
 0.9523081
 0.58046526
 0.99285024
 0.36348265
 0.9590935
 0.015179634
 0.6045727
 0.1641304
 0.03463206
 0.053852823
 0.5217423
 0.65639526
 0.48496097
 0.2977994
 0.74819165
 0.14300427
 0.7592777
 0.28326282
 0.9256024
 0.970903
 0.6017471
 0.7542699
 0.55089414
 0.87994623
 0.8940428
 0.34985358
 0.6597392
 0.44759747
 0.051905327
 0.38142422
 0.46448365
 0.9304178
 0.088997066
 0.62607116
 0.6847571
 0.053125244
 0.71133614
 0.31157574
 0.5590509
 0.5460068
 0.055589966
 0.7189171
 0.77554727
 0.48146313
 0.9345102
 0.0780514
 0.8104801
 0.7104684
 0.70278955
 0.6827473
 0.41230887
 0.94972545
 0.106622875
 0.40025648
 0.21998629
 0.320298
 0.73025256
 0.0016028851
 0.7536022
 0.3885018
 0.90278023
 0.98827046
 0.2656837
 0.00983448
 0.17852592
 0.8410712
 0.1914332
 0.5267268
 0.7542158
 0.86697435
 0.18618605
 0.12089562
 0.4362795
 0.06967881
 0.98836845
 0.37108043
 0.021539047
 0.719709
 0.5962372
 0.3169442
 0.20456979
 0.54981583
 0.49668226
 0.5799202
 0.3750149
 0.7514648
 0.9343738
 0.34178558
 0.9181352
 0.1981909
 0.45953453
 0.23174389
 0.88187444
 0.5716029
 0.24261883
 0.42279634
 0.12372257
 0.3158179
 0.89417994
 0.4881844
 0.3006571
 0.596107
 0.77820635
 0.81868434
 0.31544468
 0.68753386
 0.057208557
 0.65153503
 0.082583696
 0.46936706
 0.95733774
 0.011780124
 0.7271692
 0.95104784
 0.99181736
 0.11680647
 0.57996136
 0.005493913
 0.13096893
 0.044859167
 0.5819389
 0.7355214
 0.15711337
 0.71831506
 0.9616189
 0.14916523
 0.6926291
 0.5024958
 0.29842314
 0.069680154
 0.63944787
 0.97080195
 0.33537415
 0.45600274
 0.01827044
 0.6369484
 0.15440026
 0.5594565
 0.4457819
 0.70508397
 0.5775322
 0.5924806
 0.7381494
 0.13857508
 0.90727186
 0.8351639
 0.37908277
 0.59823525
 0.3694148
 0.35536525
 0.84073895
 0.050781835
 0.87160766
 0.7682018
 0.99575245
 0.09830071
 0.9409213
 0.7106861
 0.10867212
 0.32950097
 0.95372206
 0.9572928
 0.1450863
 0.24354005
 0.02112068
 0.3522379
 0.38671693
 0.5472011
 0.14328189
 0.98424983
 0.59076405
 0.8762036
 0.49587467
 0.2796144
 0.18178253
 0.24142855
 0.9619451
 0.9392757
 0.21437113
 0.7508393
 0.27249256
 0.8957725
 0.09495646
 0.40787977
 0.3690311
 0.7157932
 0.30095184
 0.037130605
 0.85141677
 0.12412879
 0.5855734
 0.63800514
 0.62422216
 0.5748068
 0.40659356
 0.71726596
 0.10493992
 0.045186248
 0.5673147
 0.40114388
 0.60729593
 0.4787953
 0.3080422
 0.37783957
 0.76295334
 0.552693
 0.33634
 0.97119045
 0.0948896
 0.695136
 0.53434896
 0.89628303
 0.10572636
 0.529332
 0.33144915
 0.49779207
 0.49429488
 0.1690602
 0.9805482
 0.52182865
 0.3637171
 0.04194172
 0.22627586
 0.72207725
 0.5342844
 0.16613932
 0.103366874
 0.8510039
 0.32441473
 0.056268763
 0.8535128
 0.8369161
 0.4129696
 0.68430316
 0.19896483
 0.19765663
 0.6462125
 0.17125091
 0.46116757
 0.99171126
 0.90268934
 0.13538885
 0.2627066
 0.8575126
 0.37931255
 0.87283206
 0.80084985
 0.94172084
 0.91193026
 0.796221
 0.9309644
 0.7672631
 0.19366144
 0.807308
 0.5480904
 0.3419118
 0.0042782677
 0.5292235
 0.0049523683
 0.058184475
 0.8139174
 0.5742039
 0.55469054
 0.18534507
 0.37440088
 0.27256227
 0.0565919
 0.0042888797
 0.16144842
 0.53868246
 0.4331035
 0.8860919
 0.78106153
 0.7998192
 0.6164085
 0.86500597
 0.703362
 0.16348362
 0.9728467
 0.50668126
 0.9371645
 0.24919754
 0.44346
 0.12239632
 0.50856584
 0.36039573
 0.88894534
 0.6300787
 0.8568313
 0.9222588
 0.37729514
 0.61289537
 0.51085985
 0.36125755
 0.40240717
 0.37619618
 0.65950865
 0.85218996
 0.27194473
 0.05358958
 0.47905943
 0.60849184
 0.15272881
 0.062933676
 0.3311068
 0.64160305
 0.511943
 0.46302286
 0.19415015
 0.16516994
 0.9424329
 0.011751289
 0.9421705
 0.069865294
 0.61038065
 0.97653496
 0.3334734
 0.14460768
 0.8136368
 0.99777323
 0.8230796
 0.9699605
 0.38898918
 0.5561309
 0.56194353
 0.6594928
 0.95665234
 0.84442276
 0.19628239
 0.87488234
 0.24025619
 0.09488128
 0.33029595
 0.7905432
 0.9506172
 0.66258854
 0.765559
 0.93355787
 0.9715722
 0.41585457
 0.880367
 0.07469658
 0.83615685
 0.23432207
 0.76231694
 0.59630334
 0.7314088
 0.66558
 0.9574044
 0.0128316805
 0.5200785
 0.04106637
 0.9489173
 0.56981033
 0.51752746
 0.60204196
 0.72940946
 0.09702019
 0.012095779
 0.43641612
 0.07903256
 0.54166406
 0.76722044
 0.27720574
 0.41351047
 0.85731035
 0.99358493
 0.46340892
 0.31503525
 0.17439194
 0.5295823
 0.61407435
 0.10936702
 0.42804152
 0.21837209
 0.81634766
 0.1024185
 0.86904436
 0.7198129
 0.37827653
 0.3396059
 0.13369031
 0.2455519
 0.4471545
 0.0012470877
 0.79830587
 0.95555174
 0.04418644
 0.7972882
 0.59424764
 0.004337421
 0.31625557
 0.97464037
 0.70913833
 0.47524315
 0.055574015
 0.80040747
 0.85012716
 0.69094115
 0.7879976
 0.63428605
 0.99495476
 0.63853335
 0.980787
 0.9534193
 0.006605084
 0.4974875
 0.17059515
 0.9429854
 0.5373247
 0.50869834
 0.062463917
 0.5158023
 0.897791
 0.67295617
 0.90060943
 0.8742297
 0.8172109
 0.017102888
 0.66177875
 0.97764987
 0.27013034
 0.41615736
 0.87195843
 0.5288078
 0.7957371
 0.20969142
 0.097216286
 0.3422935
 0.9854373
 0.1007375
 0.40945798
 0.2084452
 0.06448686
 0.075509384
 0.3778791
 0.61595756
 0.74345994
 0.3322169
 0.38689452
 0.94647396
 0.7653343
 0.45725644
 0.3313258
 0.0044449684
 0.8239763
 0.33705807
 0.98962855
 0.9955344
 0.77980536
 0.54387057
 0.6259402
 0.31685406
 0.34842095
 0.18376586
 0.6217299
 0.77230775
 0.68797076
 0.4451437
 0.1878321
 0.07632717
 0.56104416
 0.33601838
 0.45764393
 0.75927967
 0.99687004
 0.34836826
 0.5122692
 0.8378299
 0.6296012
 0.037829436
 0.13838883
 0.863536
 0.13846673
 0.7570152
 0.36964005
 0.21296218
 0.4655731
 0.030742059
 0.1122847
 0.73258865
 0.7371353
 0.31144345
 0.4059487
 0.10180006
 0.06391947
 0.1030534
 0.12021338
 0.5272337
 0.64667857
 0.69163996
 0.13784014
 0.6317691
 0.8623613
 0.9710709
 0.3254097
 0.65143996
 0.256877
 0.10199186
 0.8421572
 0.3035491
 0.62019616
 0.99239945
 0.5877841
 0.9392693
 0.5695691
 0.8380891
 0.8400287
 0.84400946
 0.3166437
 0.21126027
 0.3827762
 0.7988282
 0.5442627
 0.43555906
 0.675489
 0.26617658
 0.5687232
 0.23584056
 0.86474
 0.8132501
 0.21327807
 0.90093154
 0.6886284
 0.63623214
 0.06866192
 0.44767466
 0.5748602
 0.29870963
 0.06642181
 0.52453595
 0.48327503
 0.047542408
 0.54083467
 0.04305635
 0.2935993
 0.31946748
 0.20519224
 0.77542895
 0.7892082
 0.30171922
 0.7182349
 0.40648258
 0.5376769
 0.6599471
 0.766516
 0.77835387
 0.2189026
 0.796712
 0.8384769
 0.3161282
 0.20157917
 0.2538422
 0.11601573
 0.8727312
 0.41880405
 0.12193093
 0.15932907
 0.48135215
 0.8436007
 0.5702557
 0.31080943
 0.75368017
 0.115136236
 0.8604017
 0.9937789
 0.9122348
 0.116416484
 0.45686984
 0.3318405
 0.6950719
 0.554239
 0.09795104
 0.7646286
 0.62114644
 0.842186
 0.94014776
 0.5857394
 0.3546133
 0.8374376
 0.13942407
 0.5786226
 0.15634724
 0.23218796
 0.48256597
 0.17621644
 0.6609632
 0.65044355
 0.9319323
 0.8201058
 0.46761847
 0.750987
 0.1968784
 0.44498605
 0.28287825
 0.8872861
 0.69513327
 0.26421326
 0.6039246
 0.12513056
 0.51741153
 0.28222185
 0.18039158
 0.668776
 0.2585415
 0.20959137
 0.74310696
 0.9963783
 0.8283908
 0.7065434
 0.73802173
 0.25549904
 0.6058703
 0.13064973
 0.053608887
 0.7194617
 0.54929817
 0.21453375
 0.9800131
 0.35534257
 0.12640509
 0.34934485
 0.88823134
 0.80437535
 0.17726135
 0.39978895
 0.36760765
 0.3255518
 0.07340819
 0.22649471
 0.8099207
 0.5031996
 0.7864736
 0.341498
 0.67834824
 0.7693181
 0.72955424
 0.37262475
 0.94958717
 0.04145423
 0.48464522
 0.26255456
 0.46741235
 0.026898483
 0.77939755
 0.37834513
 0.19595444
 0.99398357
 0.32648653
 0.9571998
 0.6109779
 0.061266046
 0.38887027
 0.564259
 0.71744126
 0.30537257
 0.1842214
 0.48819646
 0.43161988
 0.23829201
 0.49181184
 0.25040242
 0.3160734
 0.45489445
 0.075132646
 0.65353405
 0.9057383
 0.50145876
 0.78352994
 0.045215175
 0.11342739
 0.26598945
 0.4461383
 0.72266567
 0.45301738
 0.44110438
 0.92139244
 0.6540429
 0.0686054
 0.8602748
 0.9153994
 0.94227546
 0.8079162
 0.7581981
 0.43245077
 0.7071708
 0.8282413
 0.25608593
 0.97095877
 0.31157815
 0.47319034
 0.6226472
 0.8280943
 0.10738803
 0.40853792
 0.11154913
 0.12641136
 0.12714899
 0.2554447
 0.42613545
 0.42573637
 0.39708382
 0.20933595
 0.11218522
 0.0336056
 0.79728544
 0.38271794
 0.4294919
 0.37753102
 0.64487463
 0.86021346
 0.5030445
 0.0523759
 0.4259001
 0.7040979
 0.80459213
 0.40612164
 0.35176268
 0.39861718
 0.26537314
 0.77730685
 0.66594464
 0.47136834
 0.5707898
 0.7474202
 0.87682545
 0.28002483
 0.43781057
 0.021528091
 0.34236518
 0.20268682
 0.9258799
 0.80041826
 0.8824368
 0.72013867
 0.0821183
 0.757541
 0.34458885
 0.12829405
 0.4715929
 0.9840289
 0.2990192
 0.86911047
 0.39343995
 0.51507616
 0.2885417
 0.71825427
 0.83362085
 0.3009599
 0.3093269
 0.31779745
 0.4550925
 0.7359825
 0.44819757
 0.79222715
 0.17617376
 0.108618625
 0.852261
 0.4360498
 0.13788866
 0.58614695
 0.45665866
 0.7112705
 0.1110681
 0.5970475
 0.14621516
 0.043029144
 0.64399093
 0.7244467
 0.27676693
 0.15167469
 0.501346
 0.47389114
 0.7319528
 0.9095585
 0.19529629
 0.528731
 0.94124687
 0.9608281
 0.659426
 0.35639468
 0.53501564
 0.59250325
 0.36635265
 0.27883568
 0.5623799
 0.59511393
 0.43978474
 0.3704333
 0.4476634
 0.10118371
 0.5618063
 0.796628
 0.111209214
 0.63983786
 0.7261703
 0.45657295
 0.93034464
 0.89581853
 0.1383808
 0.043083135
 0.46627676
 0.9111877
 0.8133466
 0.88316256
 0.13269906
 0.71799964
 0.67138666
 0.17239198
 0.23189092
 0.6402236
 0.18336874
 0.46645716
 0.034090914
 0.7531983
 0.8657629
 0.5430999
 0.82592547
 0.2388998
 0.17639028
 0.9977724
 0.10367365
 0.6253026
 0.6116495
 0.18627687
 0.33715004
 0.14811766
 0.05600104
 0.3776706
 0.979986
 0.72318584
 0.68449116
 0.23071912
 0.6520917
 0.26781
 0.9690967
 0.95717746
 0.670079
 0.35930642
 0.58967215
 0.7851815
 0.3514276
 0.4690563
 0.30027947
 0.58603054
 0.7681746
 0.26033926
 0.051682875
 0.7776417
 0.8759094
 0.68822974
 0.9207896
 0.86795884
 0.19385523
 0.88983774
 0.6478171
 0.2515952
 0.4618181
 0.10317492
 0.83196896
 0.12299339
 0.9497848
 0.10292751
 0.08640069
 0.61938167
 0.34595102
 0.8914172
 0.7032553
 0.55680954
 0.39896095
 0.63303137
 0.629552
 0.37254286
 0.7401395
 0.070403315
 0.8047077
 0.1371001
 0.56149846
 0.91062516
 0.16047283
 0.74921125
 0.07529786
 0.91977274
 0.8340636
 0.67697984
 0.93094385
 0.7140255
 0.39527082
 0.85853034
 0.015003875
 0.48566112
 0.13832706
 0.6254214
 0.31012145
 0.1522079
 0.73931354
 0.76210624
 0.73861027
 0.6670341
 0.8298878
 0.0647223
 0.1665106
 0.4796571
 0.2881133
 0.012489978
 0.9938876
 0.38405305
 0.29717228
 0.41500315
 0.0071540377
 0.24324788
 0.4727434
 0.14869164
 0.41919816
 0.32847172
 0.6098251
 0.34573737
 0.2730976
 0.2611574
 0.84978575
 0.6487255
 0.6352015
 0.7960642
 0.3184225
 0.3943117
 0.25336123
 0.9338089
 0.53580946
 0.8391865
 0.6060911
 0.101084195
 0.14871667
 0.7916185
 0.518441
 0.3868467
 0.7863811
 0.26185772
 0.7703616
 0.07275542
 0.09041125
 0.9946791
 0.37334287
 0.94614196
 0.21960577
 0.99734956
 0.44110867
 0.13379344
 0.3804684
 0.4262978
 0.8301471
 0.4448302
 0.1841996
 0.4457696
 0.9758588
 0.46095854
 0.8809467
 0.92174846
 0.6001043
 0.86238015
 0.7720936
 0.064424366
 0.21593106
 0.72764003
 0.35137084
 0.3824908
 0.60526264
 0.79569316
 0.9755686
 0.5625517
 0.69532984
 0.92847174
 0.11563196
 0.1369193
 0.50962627
 0.2622345
 0.4889216
 0.05308481
 0.11916897
 0.7859786
 0.6234197
 0.50814223
 0.7698451
 0.33519593
 0.65466326
 0.6614474
 0.6116271
 0.23925485
 0.4061854
 0.08879284
 0.7054357
 0.110688895
 0.05424652
 0.09138017
 0.23343413
 0.51467305
 0.92763615
 0.22287114
 0.08853325
 0.5069697
 0.24332677
 0.64779836
 0.26888922
 0.2786247
 0.8287609
 0.19461727
 0.75317544
 0.3956955
 0.13155305
 0.21668065
 0.7824096
 0.37229192
 0.06738701
 0.6244162
 0.7241169
 0.5652116
 0.5068906
 0.70198953
 0.9446113
 0.6284504
 0.4522684
 0.5717331
 0.36517525
 0.015870098
 0.20447445
 0.41962248
 0.6279202
 0.27030367
 0.07170515
 0.84508103
 0.04710801
 0.08737986
 0.41999474
 0.94839483
 0.7717152
 0.39234856
 0.11669389
 0.019018536
 0.83502144
 0.91818744
 0.66761273
 0.9380535
 0.017002447
 0.023271957
 0.59860986
 0.6581797
 0.6953101
 0.7368895
 0.8824083
 0.37432227
 0.11062006
 0.27087876
 0.46141994
 0.2483346
 0.72212774
 0.4856764
 0.16735898
 0.8009782
 0.5789753
 0.049051102
 0.58842707
 0.33448166
 0.8833894
 0.2758072
 0.6848496
 0.99895924
 0.1713121
 0.88673884
 0.20354591
 0.36597064
 0.7863052
 0.17511553
 0.19271375
 0.62250316
 0.57251024
 0.3189812
 0.16710968
 0.7486574
 0.9624446
 0.8275471
 0.72480637
 0.29231787
 0.88541555
 0.35996002
 0.6662083
 0.6040896
 0.17233278
 0.4047281
 0.91610724
 0.6457825
 0.3827016
 0.5580836
 0.7995579
 0.7357237
 0.2295774
 0.38956553
 0.47235635
 0.84418035
 0.028262537
 0.1331025
 0.5569012
 0.30217326
 0.8445275
 0.69187766
 0.28421977
 0.03696278
 0.268137
 0.6952561
 0.6929396
 0.6974886
 0.98746276
 0.59605694
 0.6859875
 0.28304425
 0.5909636
 0.04645064
 0.99579626
 0.13846757
 0.2713148
 0.040763214
 0.35880187
 0.42912883
 0.35796744
 0.56346834
 0.45001048
 0.4589973
 0.8539192
 0.73064876
 0.37841806
 0.4450678
 0.4024779
 0.6632081
 0.79406327
 0.611428
 0.35979894
 0.5801145
 0.90749484
 0.71624863
 0.8989778
 0.84995705
 0.97243446
 0.374977
 0.32147917
 0.98909694
 0.032417376
 0.7930152
 0.0016836266
 0.84469354
 0.98219055
 0.7711649
 0.6403332
 0.45088735
 0.2446509
 0.097118996
 0.7526571
 0.29642138
 0.61410415
 0.68628234
 0.5669594
 0.99198115
 0.06662574
 0.08520201
 0.7594482
 0.5755355
 0.5883049
 0.20088862
 0.7010901
 0.9439592
 0.32215357
 0.3693105
 0.14226888
 0.14921828
 0.5844609
 0.12634087
 0.511031
 0.54740006
 0.5513749
 0.2944403
 0.2506987
 0.038868
 0.6664923
 0.24835509
 0.872632
 0.8878239
 0.070237935
 0.47311312
 0.64992124
 0.85955775
 0.6018153
 0.77759814
 0.12778996
 0.6636669
 0.17450841
 0.7769842
 0.876492
 0.9415259
 0.57511795
 0.5073109
 0.16248134
 0.28628764
 0.98831105
 0.2854813
 0.4636375
 0.033698045
 0.7966673
 0.1779631
 0.00432752
 0.81200445
 0.45720184
 0.6914749
 0.7360854
 0.08923986
 0.50514686
 0.54893875
 0.43969053
 0.20616384
 0.9857721
 0.66397953
 0.8744263
 0.6331413
 0.8650267
 0.6772535
 0.15030025
 0.43924055
 0.2197831
 0.6678864
 0.74900657
 0.21183206
 0.2584637
 0.90330267
 0.8694129
 0.91496855
 0.47283277
 0.74072737
 0.023352105
 0.42482844
 0.47173357
 0.04364107
 0.05750059
 0.7305034
 0.29755285
 0.72647023
 0.027124071
 0.038411222
 0.27619377
 0.29079345
 0.59747255
 0.26861584
 0.7013378
 0.46634495
 0.89860517
 0.6813349
 0.9037782
 0.32009688
 0.009426974
 0.6219168
 0.5066048
 0.4467014
 0.49671766
 0.62256813
 0.9170226
 0.10357382
 0.68493485
 0.3491131
 0.3555849
 0.40389827
 0.5825722
 0.13106558
 0.97362167
 0.93083674
 0.6408543
 0.063295424
 0.8596457
 0.38622323
 0.7705486
 0.91757077
 0.98551685
 0.13702387
 0.2926768
 0.35225633
 0.39314523
 0.7728444
 0.7489066
 0.15845035
 0.17251614
 0.037766285
 0.74740416
 0.5308404
 0.031816404
 0.7497929
 0.26992977
 0.6015597
 0.5104443
 0.57118624
 0.115957215
 0.72532535
 0.13568386
 0.74297684
 0.4095986
 0.2541394
 0.07382509
 0.1469266
 0.34511518
 0.78983426
 0.07651123
 0.30822664
 0.59679633
 0.15274344
 0.77309424
 0.20221165
 0.068987034
 0.5547793
 0.6097799
 0.9783711
 0.9120456
 0.7151984
 0.98634374
 0.96493924
 0.9800133
 0.9073365
 0.39119896
 0.5673452
 0.1557759
 0.17459372
 0.5855977
 0.9238039
 0.21949977
 0.20395182
 0.13774677
 0.43132937
 0.18612283
 0.59530383
 0.85761917
 0.50545174
 0.2876821
 0.5148787
 0.933243
 0.18691908
 0.026258582
 0.9710408
 0.8192481
 0.45866558
 0.9733217
 0.20074645
 0.17845273
 0.3863266
 0.24125323
 0.9049386
 0.4272709
 0.44558278
 0.8028331
 0.32116017
 0.68572146
 0.6496137
 0.08446774
 0.37166867
 0.18282104
 0.33994293
 0.50894225
 0.37533185
 0.41814107
 0.7539553
 0.91347796
 0.061586764
 0.6303109
 0.7323677
 0.018876202
 0.8747428
 0.37324774
 0.17993493
 0.37552994
 0.80691063
 0.25089502
 0.14267151
 0.4620842
 0.2478372
 0.11125036
 0.61487097
 0.86252666
 0.58992946
 0.25046426
 0.4392036
 0.6974898
 0.5767469
 0.42779076
 0.9131743
 0.7355456
 0.63324434
 0.74217165
 0.9652213
 0.8602742
 0.66604745
 0.67123485
 0.013737403
 0.8188878
 0.0720399
 0.82348907
 0.8722947
 0.42819113
 0.9435458
 0.20449518
 0.31435433
 0.6636588
 0.7083873
 0.047795776
 0.16074222
 0.30741277
 0.6930986
 0.5113847
 0.003172212
 0.08087917
 0.34757861
 0.79049724
 0.9270978
 0.4379068
 0.11946211
 0.44750184
 0.84717387
 0.44412825
 0.21649206
 0.009676132
 0.3186092
 0.418345
 0.7451732
 0.13564654
 0.9376918
 0.2617177
 0.96398896
 0.9012742
 0.6947674
 0.65054286
 0.6394621
 0.005767993
 0.89295334
 0.51839703
 0.74334157
 0.94880533
 0.49586767
 0.5034305
 0.9791955
 0.47944334
 0.017656911
 0.28659022
 0.87669235
 0.8675999
 0.31860122
 0.9965551
 0.44185162
 0.7988876
 0.91958004
 0.107163325
 0.6015445
 0.94358045
 0.6986788
 0.503114
 0.93052655
 0.50049514
 0.08321787
 0.63972366
 0.39928356
 0.26656854
 0.10048516
 0.9725196
 0.1309712
 0.032911815
 0.9004536
 0.08245031
 0.40573055
 0.358123
 0.6137648
 0.17249538
 0.40066013
 0.019639142
 0.65825987
