 1563.3319
 1563.6235
 1564.0023
 1564.3807
 1564.5942
 1564.808
 1565.0529
 1565.2976
 1565.9371
 1566.577
 1567.2477
 1567.919
 1568.0991
 1568.2797
 1568.7236
 1569.1676
 1569.0297
 1568.8918
 1568.9247
 1568.9578
 1568.8645
 1568.7714
 1568.7181
 1568.6652
 1568.2192
 1567.7733
 1567.5814
 1567.3892
 1566.8751
 1566.3606
 1565.9846
 1565.6085
 1566.0922
 1566.5764
 1566.3533
 1566.1305
 1566.1361
 1566.1418
 1566.2904
 1566.4385
 1567.0159
 1567.593
 1568.2435
 1568.8939
 1569.0598
 1569.2258
 1569.7435
 1570.2615
 1570.5403
 1570.8187
 1570.7739
 1570.7292
 1571.0938
 1571.4581
 1571.6697
 1571.8809
 1571.8254
 1571.7699
 1571.9086
 1572.047
 1572.0919
 1572.1373
 1572.5358
 1572.9341
 1572.1102
 1571.2864
 1570.783
 1570.2795
 1570.3796
 1570.4801
 1570.0753
 1569.671
 1569.376
 1569.0808
 1568.2762
 1567.4713
 1567.3601
 1567.2488
 1566.6447
 1566.0406
 1566.363
 1566.686
 1566.9033
 1567.121
 1567.421
 1567.7213
 1568.3813
 1569.0416
 1568.3706
 1567.699
 1566.9668
 1566.2344
 1565.9211
 1565.6073
 1565.1447
 1564.6821
 1565.2507
 1565.8195
 1566.3285
 1566.8374
 1567.4401
 1568.043
 1568.4286
 1568.8146
 1569.9849
 1571.1548
 1571.594
 1572.0328
 1573.4976
 1574.9618
 1576.2018
 1577.4414
 1576.8497
 1576.2576
 1575.8231
 1575.3881
 1575.2158
 1575.0437
 1574.6702
 1574.2958
 1574.6176
 1574.9393
 1575.5781
 1576.2168
 1576.1108
 1576.0046
 1561.6735
 1562.0416
 1562.5834
 1563.1252
 1563.337
 1563.5487
 1563.8231
 1564.0974
 1564.83
 1565.5623
 1566.2421
 1566.9221
 1567.1119
 1567.301
 1567.7682
 1568.2352
 1568.1375
 1568.0402
 1567.7396
 1567.4387
 1567.4467
 1567.4547
 1567.319
 1567.1835
 1566.8428
 1566.5021
 1566.2134
 1565.9247
 1565.5964
 1565.2681
 1564.8353
 1564.4025
 1565.0103
 1565.6183
 1565.3159
 1565.0135
 1565.127
 1565.2404
 1565.6311
 1566.0215
 1566.3254
 1566.6298
 1567.609
 1568.5885
 1568.7544
 1568.9203
 1569.2899
 1569.6595
 1569.9186
 1570.1774
 1570.3583
 1570.5396
 1570.8053
 1571.0713
 1571.2491
 1571.4272
 1571.2963
 1571.1647
 1571.0634
 1570.9619
 1571.2947
 1571.6277
 1572.0148
 1572.4016
 1571.5132
 1570.6249
 1570.3436
 1570.063
 1570.023
 1569.9825
 1569.8556
 1569.729
 1569.3163
 1568.9039
 1568.2677
 1567.6316
 1567.4072
 1567.1827
 1566.6925
 1566.2021
 1566.3801
 1566.5585
 1566.8307
 1567.1028
 1567.3552
 1567.6082
 1567.9897
 1568.3712
 1567.6204
 1566.8691
 1566.2463
 1565.6235
 1565.2524
 1564.8812
 1564.8334
 1564.785
 1564.9944
 1565.2041
 1565.8098
 1566.4155
 1567.0645
 1567.7131
 1568.2855
 1568.8585
 1569.6669
 1570.4755
 1570.9313
 1571.3873
 1572.8138
 1574.2402
 1575.1964
 1576.1525
 1575.5891
 1575.025
 1574.6962
 1574.3668
 1573.9655
 1573.564
 1573.3337
 1573.1034
 1573.4042
 1573.7052
 1574.3177
 1574.9299
 1574.5845
 1574.2389
