 5.0
 5.0
 5.0
 5.0
 5.0
 5.0
 5.0
 5.0
 5.5726495
 6.1452994
 6.717948
 7.290597
 7.8632464
 8.435896
 9.008546
 9.581194
 8.752599
 7.9240026
 7.0954065
 6.26681
 5.438215
 4.609618
 3.781022
 2.952426
 2.6579628
 2.3634996
 2.0690367
 1.7745737
 1.4801104
 1.1856474
 0.89118415
 0.596721
 0.5875491
 0.578377
 0.569205
 0.56003296
 0.550861
 0.5416889
 0.5325169
 0.5233449
 0.8876294
 1.2519139
 1.6161984
 1.9804829
 2.3447676
 2.7090526
 3.0733368
 3.4376216
 3.3127317
 3.1878421
 3.0629523
 2.9380622
 2.8131726
 2.688283
 2.563393
 2.4385035
 2.8296542
 3.2208045
 3.6119547
 4.003105
 4.3942556
 4.785406
 5.176557
 5.5677075
 5.648045
 5.7283826
 5.8087187
 5.889056
 5.9693937
 6.049731
 6.1300683
 6.210406
 6.2275414
 6.2446775
 6.2618146
 6.27895
 6.2960863
 6.3132224
 6.330358
 6.3474936
 6.511482
 6.6754694
 6.8394575
 7.003446
 7.1674337
 7.331422
 7.4954095
 7.659398
 7.387156
 7.114916
 6.8426743
 6.5704336
 6.2981925
 6.025951
 5.7537103
 5.481469
 4.872651
 4.2638335
 3.655015
 3.046197
 2.437379
 1.8285611
 1.2197431
 0.61092496
 1.0302291
 1.4495332
 1.8688371
 2.2881415
 2.7074456
 3.1267495
 3.5460536
 3.9653575
 4.6062884
 5.24722
 5.8881507
 6.5290823
 7.170013
 7.8109436
 8.451875
 9.092806
 8.897878
 8.702952
 8.508024
 8.313096
 8.118169
 7.923241
 7.728313
 7.533386
 6.845774
 6.1581626
 5.4705505
 4.7829385
 4.0953274
 3.4077153
 2.7201037
 2.032492
 2.104124
 2.1757562
 2.2473884
 2.3190205
 2.3906527
 2.462285
 2.533917
 2.6055493
 2.336648
 2.0677466
 1.7988452
 1.5299437
 1.2610424
 0.99214107
 0.7232398
 0.4543384
 0.98940563
 1.524473
 2.0595403
 2.5946078
 3.1296747
 3.664742
 4.1998096
 4.7348766
 5.040125
 5.345374
 5.650622
 5.9558706
 6.2611184
 6.5663676
 6.871617
 7.1768646
 7.474093
 7.7713223
 8.068551
 8.36578
 8.663009
 8.9602375
 9.257466
 9.554696
 9.486612
 9.418529
 9.350444
 9.282359
 9.214275
 9.146191
 9.078107
 9.010023
 8.662007
 8.3139925
 7.965977
 7.617961
 7.2699456
 6.921931
 6.5739155
 6.2258997
 5.62922
 5.0325413
 4.4358616
 3.8391826
 3.2425032
 2.6458235
 2.0491443
 1.4524648
 1.6939332
 1.9354014
 2.1768696
 2.4183383
 2.6598065
 2.9012752
 3.142743
 3.3842115
 3.6972852
 4.0103593
 4.3234334
 4.636507
 4.94958
 5.2626553
 5.575729
 5.8888025
 6.1011343
 6.3134656
 6.525796
 6.7381277
 6.950459
 7.1627903
 7.375121
 7.587453
 7.799881
 8.012309
 8.224737
 8.437165
 8.649594
 8.862021
 9.0744505
 9.286879
 8.65887
 8.03086
 7.4028516
 6.7748413
 6.1468325
 5.5188227
 4.8908134
 4.262804
 4.5293326
 4.7958612
 5.062389
 5.328918
 5.595446
 5.8619757
 6.128504
 6.3950324
 5.739913
 5.084793
 4.429673
 3.774554
 3.1194344
 2.4643147
 1.8091952
 1.1540756
 1.5647359
 1.9753964
 2.3860564
 2.7967172
 3.2073774
 3.6180377
 4.028698
 4.4393587
 4.41806
 4.396761
 4.375463
 4.354164
 4.332865
 4.311567
 4.290268
 4.268969
 3.7754712
 3.2819726
 2.7884748
 2.2949765
 1.8014781
 1.3079798
 0.8144816
 0.3209833
 1.0716536
 1.8223242
 2.5729942
 3.3236651
 4.0743356
 4.8250055
 5.575676
 6.3263464
 5.5747175
 4.82309
 4.0714617
 3.319834
 2.5682056
 1.8165774
 1.0649493
 0.31332117
 1.2370927
 2.1608644
 3.0846357
 4.008407
 4.932179
 5.8559504
 6.7797217
 7.703493
 7.0229745
 6.3424554
 5.6619368
 4.981419
 4.3009005
 3.6203816
 2.9398627
 2.2593446
 3.2123494
 4.1653547
 5.1183596
 6.0713644
 7.0243692
 7.977374
 8.930379
 9.883384
 8.681567
 7.4797506
 6.2779336
 5.0761166
 3.8742993
 2.6724825
 1.4706652
 0.26884827
 0.41048628
 0.55212426
 0.69376236
 0.8354003
 0.97703826
 1.1186764
 1.2603143
 1.4019523
 1.4661728
 1.5303934
 1.5946139
 1.6588345
 1.7230549
 1.7872756
 1.8514961
 1.9157166
 2.4631703
 3.0106244
 3.5580785
 4.1055326
 4.6529865
 5.20044
 5.7478943
 6.295348
 6.500328
 6.705308
 6.910288
 7.1152673
 7.320247
 7.525228
 7.7302074
 7.9351873
 7.57419
 7.2131934
 6.8521967
 6.4912004
 6.1302032
 5.7692056
 5.40821
 5.0472126
 4.9689507
 4.8906884
 4.812426
 4.734164
 4.6559033
 4.577641
 4.499379
 4.4211173
 4.8729696
 5.324822
 5.7766743
 6.2285266
 6.68038
 7.132232
 7.5840845
 8.035937
 7.971852
 7.907766
 7.8436794
 7.7795935
 7.7155075
 7.6514215
 7.5873356
 7.523249
 6.768084
 6.0129194
 5.2577558
 4.5025897
 3.7474253
 2.9922605
 2.2370958
 1.4819311
 1.3772494
 1.2725677
 1.1678861
 1.0632043
 0.9585227
 0.85384095
 0.7491592
 0.6444776
 1.3007791
 1.9570804
 2.6133816
 3.2696834
 3.9259846
 4.5822854
 5.2385874
 5.894889
 5.675292
 5.455695
 5.236098
 5.0165005
 4.7969036
 4.5773067
 4.3577094
 4.1381125
 4.49848
 4.8588476
 5.2192154
 5.579583
 5.93995
 6.3003182
 6.660685
 7.021053
 7.081565
 7.1420765
 7.2025886
 7.2630997
 7.323611
 7.3841224
 7.444634
 7.505145
 7.728312
 7.9514794
 8.174647
 8.397815
 8.620982
 8.844149
 9.067317
 9.290483
 8.640613
 7.9907427
 7.340872
 6.691001
 6.04113
 5.391259
 4.7413883
 4.091518
 3.8006177
 3.5097175
 3.2188177
 2.9279175
 2.6370173
 2.3461173
 2.055217
 1.7643168
 2.57945
 3.3945835
 4.209717
 5.02485
 5.839983
 6.655116
 7.47025
 8.285383
 8.072465
 7.8595476
 7.6466293
 7.4337106
 7.220793
 7.0078745
 6.7949576
 6.582039
 6.4110804
 6.2401223
 6.069164
 5.898206
 5.727248
 5.5562897
 5.385331
 5.214373
 5.8011703
 6.3879676
 6.974764
 7.5615606
 8.148356
 8.735153
 9.32195
 9.908748
 9.038012
 8.167276
 7.296541
 6.4258065
 5.5550714
 4.684336
 3.813602
 2.9428668
 3.2478104
 3.552754
 3.8576977
 4.1626415
 4.4675846
 4.7725286
 5.0774717
 5.382416
 5.6057696
 5.8291245
 6.0524793
 6.275833
 6.499188
 6.722542
 6.945897
 7.169251
 6.28074
 5.392228
 4.5037174
 3.6152065
 2.726695
 1.8381839
 0.94967264
 0.061161466
 1.1064149
 2.1516683
 3.1969218
 4.242175
 5.287429
 6.332682
 7.3779364
 8.423189
 7.729104
 7.03502
 6.3409348
 5.6468506
 4.952766
 4.258681
 3.564596
 2.8705113
 2.7320585
 2.5936053
 2.4551523
 2.3166995
 2.1782465
 2.0397935
 1.9013405
 1.7628874
 2.2363596
 2.7098317
 3.1833043
 3.6567767
 4.130249
 4.603721
 5.0771933
 5.550666
 5.9783773
 6.406089
 6.8338003
 7.261512
 7.6892233
 8.116935
 8.544646
 8.972357
 8.613784
 8.25521
 7.896636
 7.538062
 7.179488
 6.8209143
 6.4623404
 6.1037664
 5.748131
 5.392496
 5.0368605
 4.6812263
 4.3255906
 3.9699554
 3.61432
 3.258685
 3.4439938
 3.6293032
 3.8146124
 3.999921
 4.1852303
 4.370539
 4.5558486
 4.7411575
 4.9546747
 5.168192
 5.3817086
 5.5952253
 5.808743
 6.02226
 6.235777
 6.449294
 5.9344645
 5.4196343
 4.9048057
 4.389976
 3.8751462
 3.360317
 2.8454874
 2.330658
 3.1254773
 3.9202962
 4.715116
 5.5099344
 6.3047543
 7.099573
 7.894393
 8.689212
 7.7710376
 6.8528647
 5.9346914
 5.016517
 4.0983434
 3.1801696
 2.261996
 1.3438224
 1.2556365
 1.1674505
 1.079265
 0.99107903
 0.9028932
 0.81470734
 0.7265215
 0.6383356
 1.7214445
 2.8045535
 3.887662
 4.970771
 6.0538797
 7.136988
 8.220098
 9.303206
 9.161392
 9.019579
 8.877766
 8.735951
 8.594138
 8.452326
 8.310512
 8.168698
 7.738816
 7.3089337
 6.8790503
 6.4491677
 6.0192857
 5.589403
 5.1595206
 4.7296376
 5.3336496
 5.937662
 6.541674
 7.1456857
 7.749699
 8.353711
 8.957723
 9.561735
 9.065202
 8.568669
 8.072137
 7.575603
 7.0790706
 6.582537
 6.086005
 5.589472
 5.541481
 5.49349
 5.4454985
 5.3975077
 5.349517
 5.3015265
 5.253535
 5.2055445
 4.585085
 3.9646258
 3.3441663
 2.7237067
 2.1032476
 1.4827882
 0.8623288
 0.24186951
 1.4356557
 2.6294417
 3.8232281
 5.0170145
 6.2108006
 7.404587
 8.598372
 9.792159
 8.678896
 7.565633
 6.4523697
 5.339106
 4.2258425
 3.1125793
 1.999316
 0.8860528
 1.6521475
 2.4182422
 3.1843371
 3.9504316
 4.7165265
 5.482621
 6.248716
 7.0148106
 7.3265314
 7.638252
 7.949972
 8.261693
 8.573414
 8.885134
 9.196855
 9.508575
 9.165651
 8.822728
 8.479807
 8.136884
 7.7939606
 7.451037
 7.108115
 6.765191
 6.7108665
 6.6565404
 6.602216
 6.5478897
 6.4935637
 6.439239
 6.384913
 6.3305883
 6.1431046
 5.955622
 5.7681384
 5.580656
 5.393173
 5.2056904
 5.018208
 4.8307247
 4.321272
 3.8118188
 3.3023658
 2.792913
 2.2834601
 1.7740076
 1.2645545
 0.7551016
 1.2971927
 1.8392832
 2.3813741
 2.9234653
 3.465556
 4.0076466
 4.5497375
 5.0918283
 5.0571313
 5.0224357
 4.9877386
 4.953042
 4.9183455
 4.88365
 4.8489532
 4.8142567
 4.739873
 4.6654873
 4.5911026
 4.516718
 4.4423327
 4.367949
 4.2935643
 4.2191796
 4.8313546
 5.4435315
 6.055707
 6.6678824
 7.280058
 7.892234
 8.504409
 9.116586
 9.085885
 9.055185
 9.024485
 8.993785
 8.963084
 8.932384
 8.901683
 8.870982
 7.9238944
 6.9768066
 6.0297184
 5.082631
 4.135543
 3.1884549
 2.2413669
 1.2942791
 1.8062731
 2.3182673
 2.8302615
 3.3422556
 3.8542495
 4.366244
 4.8782372
 5.3902326
 5.5852594
 5.7802877
 5.9753156
 6.1703424
 6.3653708
 6.5603986
 6.7554255
 6.9504538
 6.3318944
 5.7133355
 5.094777
 4.4762173
 3.8576584
 3.2390997
 2.6205401
 2.0019813
 2.1400352
 2.2780893
 2.416144
 2.554198
 2.692252
 2.830306
 2.96836
 3.1064143
 3.1569378
 3.2074618
 3.2579856
 3.3085098
 3.3590338
 3.4095576
 3.4600818
 3.5106053
 3.5903952
 3.6701846
 3.7499743
 3.8297641
 3.9095535
 3.989343
 4.069133
 4.1489224
 4.692441
 5.2359595
 5.7794776
 6.3229957
 6.8665137
 7.410032
 7.95355
 8.497067
 7.4696174
 6.4421663
 5.4147143
 4.387264
 3.3598137
 2.332363
 1.3049121
 0.27746138
 1.369802
 2.4621427
 3.5544837
 4.6468244
 5.739165
 6.8315053
 7.923846
 9.016187
 8.9456005
 8.875015
 8.804429
 8.733843
 8.663258
 8.592671
 8.522086
 8.4515
 7.7443
 7.0371
 6.3299003
 5.6227
 4.915499
 4.2082996
 3.5010996
 2.7938995
 3.1743822
 3.5548644
 3.9353473
 4.3158293
 4.696312
 5.076795
 5.4572773
 5.83776
 6.0986066
 6.359452
 6.6202984
 6.881144
 7.14199
 7.4028373
 7.663682
 7.924529
 7.653648
 7.3827667
 7.111886
 6.8410053
 6.570124
 6.2992435
 6.028363
 5.757482
 5.046303
 4.3351235
 3.6239443
 2.9127653
 2.2015862
 1.4904068
 0.77922755
 0.068048395
 0.8262536
 1.5844588
 2.342664
 3.1008692
 3.859074
 4.6172795
 5.375484
 6.13369
 5.635398
 5.1371055
 4.6388116
 4.1405196
 3.6422272
 3.1439347
 2.6456418
 2.1473494
 1.9337376
 1.7201263
 1.5065148
 1.2929032
 1.0792917
 0.86568
 0.6520684
 0.43845683
 1.2018375
 1.9652183
 2.7285993
 3.4919803
 4.2553606
 5.018742
 5.782122
 6.5455027
 5.869837
 5.19417
 4.5185037
 3.842837
 3.1671703
 2.4915037
 1.8158373
 1.1401706
 2.223028
 3.3058853
 4.388743
 5.471601
 6.554458
 7.637315
 8.720172
 9.803029
 9.284001
 8.764973
 8.245944
 7.7269154
 7.2078867
 6.688858
 6.1698294
 5.6508007
 6.171346
 6.691892
 7.212438
 7.7329836
 8.253529
 8.774075
 9.2946205
 9.8151655
 9.184916
 8.554666
 7.9244146
 7.294164
 6.6639132
 6.033663
 5.4034123
 4.773162
 4.867656
 4.9621515
 5.056647
 5.151141
 5.2456365
 5.3401318
 5.434626
 5.5291214
 5.294004
 5.058886
 4.8237686
 4.588651
 4.3535333
 4.118416
 3.8832982
 3.6481807
 4.334828
 5.0214744
 5.7081203
 6.3947673
 7.0814137
 7.7680597
 8.454707
 9.141354
 8.648954
 8.156556
 7.6641564
 7.171758
 6.679359
 6.18696
 5.6945605
 5.2021627
 4.651246
 4.10033
 3.5494134
 2.9984975
 2.4475813
 1.8966651
 1.3457489
 0.7948328
 1.4572356
 2.1196382
 2.7820408
 3.4444437
 4.1068463
 4.769249
 5.4316516
 6.0940547
 6.0543356
 6.014616
 5.9748974
 5.9351783
 5.8954577
 5.855739
 5.8160195
 5.776301
 5.699602
 5.622904
 5.5462055
 5.469507
 5.392808
 5.3161097
 5.2394114
 5.162713
 5.044067
 4.9254208
 4.806775
 4.688128
 4.5694823
 4.450836
 4.33219
 4.213544
 4.233622
 4.2537003
 4.2737784
 4.293856
 4.3139343
 4.334013
 4.35409
 4.374169
 4.2364798
 4.09879
 3.961101
 3.8234115
 3.6857224
 3.5480335
 3.4103436
 3.2726545
 3.1471841
 3.0217142
 2.896244
 2.7707736
 2.645303
 2.519833
 2.394363
 2.268893
 2.2171934
 2.165494
 2.1137946
 2.0620952
 2.0103958
 1.9586964
 1.9069971
 1.8552976
 2.862018
 3.8687387
 4.8754587
 5.8821793
 6.8889
 7.8956203
 8.902341
 9.909061
 9.644926
 9.38079
 9.116654
 8.852519
 8.588384
 8.324248
 8.060112
 7.795977
 7.9872074
 8.178438
 8.369669
 8.5609
 8.752131
 8.943361
 9.134592
 9.325822
 9.105007
 8.884191
 8.663377
 8.442562
 8.221746
 8.000932
 7.780116
 7.5593014
 7.1727085
 6.7861156
 6.399523
 6.01293
 5.626337
 5.239744
 4.8531513
 4.4665585
 4.962895
 5.4592304
 5.9555664
 6.4519024
 6.948238
 7.4445744
 7.9409103
 8.437246
 7.96286
 7.4884744
 7.014089
 6.539703
 6.065317
 5.5909314
 5.1165457
 4.6421595
 4.467693
 4.2932267
 4.11876
 3.9442935
 3.7698274
 3.5953608
 3.4208941
 3.246428
 2.8999095
 2.5533905
 2.206872
 1.8603532
 1.5138346
 1.167316
 0.8207975
 0.47427878
 1.3556635
 2.2370484
 3.1184335
 3.999818
 4.8812027
 5.762588
 6.6439724
 7.5253577
 6.877513
 6.2296696
 5.5818253
 4.933982
 4.286138
 3.6382937
 2.9904501
 2.3426058
 3.2037442
 4.064883
 4.926021
 5.7871604
 6.648299
 7.5094376
 8.370576
 9.231715
 8.244267
 7.2568183
 6.2693706
 5.281922
 4.2944736
 3.3070254
 2.3195772
 1.3321288
 1.2830645
 1.2340006
 1.1849363
 1.135872
 1.0868078
 1.0377436
 0.98867935
 0.93961525
 1.1572134
 1.3748116
 1.5924097
 1.8100079
 2.0276062
 2.2452044
 2.4628026
 2.6804008
 2.9124591
 3.1445172
 3.3765755
 3.6086338
 3.8406918
 4.07275
 4.3048086
 4.5368667
 4.185359
 3.8338513
 3.4823444
 3.1308365
 2.7793286
 2.4278212
 2.0763135
 1.7248061
 2.561986
 3.3991656
 4.2363453
 5.073525
 5.910705
 6.7478843
 7.5850644
 8.422244
 7.663192
 6.904139
 6.1450872
 5.386034
 4.6269817
 3.8679297
 3.1088765
 2.3498242
 2.95644
 3.563056
 4.1696715
 4.7762866
 5.382903
 5.989518
 6.5961347
 7.20275
 7.2941937
 7.3856363
 7.4770813
 7.568525
 7.6599674
 7.7514114
 7.842855
 7.934298
 7.428871
 6.9234443
 6.418017
 5.9125905
 5.4071636
 4.9017363
 4.39631
 3.8908832
 4.0043597
 4.1178365
 4.2313128
 4.3447895
 4.4582663
 4.5717425
 4.68522
 4.7986965
 4.7740965
 4.7494974
 4.7248974
 4.7002974
 4.6756983
 4.6510983
 4.6264997
 4.601899
 5.0457096
 5.4895196
 5.93333
 6.377141
 6.820951
 7.264761
 7.7085714
 8.152382
 7.8522196
 7.5520573
 7.251895
 6.9517336
 6.6515713
 6.351409
 6.0512466
 5.7510843
 5.0998087
 4.4485326
 3.7972565
 3.1459806
 2.4947047
 1.8434285
 1.1921526
 0.5408767
 0.94214356
 1.3434104
 1.7446772
 2.1459439
 2.5472107
 2.9484777
 3.3497446
 3.7510114
 3.6312757
 3.51154
 3.3918042
 3.2720685
 3.1523328
 3.032597
 2.9128613
 2.7931256
 3.3450873
 3.897048
 4.4490094
 5.00097
 5.552932
 6.104893
 6.6568537
 7.2088156
 7.241309
 7.2738028
 7.3062963
 7.33879
 7.371284
 7.4037776
 7.4362717
 7.4687653
 6.7381005
 6.0074363
 5.276772
 4.5461073
 3.8154435
 3.0847788
 2.3541145
 1.6234499
 2.021192
 2.4189343
 2.8166766
 3.2144186
 3.6121604
 4.0099025
 4.4076447
 4.805387
 5.0275836
 5.24978
 5.471977
 5.694174
 5.916371
 6.138567
 6.3607635
 6.58296
 5.905815
 5.2286706
 4.5515265
 3.8743815
 3.1972373
 2.5200922
 1.8429476
 1.1658031
 1.7027955
 2.239788
 2.7767804
 3.3137732
 3.8507657
 4.3877583
 4.924751
 5.461744
 6.02719
 6.592636
 7.1580815
 7.723528
 8.288975
 8.85442
 9.419866
 9.9853115
 9.689375
 9.393437
 9.097502
 8.801564
 8.505629
 8.209691
 7.9137545
 7.6178174
 7.3179607
 7.0181046
 6.7182484
 6.418393
 6.118537
 5.818681
 5.518824
 5.218969
 4.952858
 4.686747
 4.420637
 4.154526
 3.8884158
 3.6223054
 3.3561945
 3.090084
 3.6149287
 4.1397734
 4.6646185
 5.1894627
 5.7143073
 6.239152
 6.763997
 7.2888412
 7.602186
 7.91553
 8.228875
 8.54222
 8.855564
 9.16891
 9.482254
 9.795598
 8.762559
 7.7295203
 6.6964808
 5.6634417
 4.6304016
 3.5973623
 2.564323
 1.5312831
 1.7432268
 1.9551702
 2.1671138
 2.3790574
 2.5910006
 2.8029442
 3.0148878
 3.226831
 3.9665022
 4.7061725
 5.445844
 6.1855154
 6.925186
 7.664857
 8.404529
 9.144199
 9.082292
 9.020383
 8.958476
 8.896565
 8.834659
 8.772751
 8.710842
 8.648935
 7.6471057
 6.645278
 5.643449
 4.641621
 3.6397922
 2.6379635
 1.6361352
 0.6343068
 1.2796443
 1.9249821
 2.5703197
 3.2156572
 3.860995
 4.506332
 5.15167
 5.797007
 5.2929316
 4.788857
 4.284782
 3.7807062
 3.2766309
 2.7725558
 2.2684808
 1.7644055
 2.3030255
 2.8416455
 3.3802655
 3.9188855
 4.4575057
 4.996126
 5.534746
 6.073366
 5.5642757
 5.0551844
 4.5460944
 4.037003
 3.5279121
 3.0188212
 2.5097303
 2.0006397
 2.0311599
 2.0616803
 2.0922008
 2.122721
 2.1532412
 2.1837616
 2.2142818
 2.244802
 2.6466725
 3.0485432
 3.450414
 3.8522844
 4.254155
 4.6560264
 5.0578966
 5.4597673
 4.857278
 4.254789
 3.6522992
 3.04981
 2.4473214
 1.844832
 1.2423426
 0.63985354
 1.1044247
 1.5689957
 2.0335667
 2.498138
 2.9627087
 3.42728
 3.8918507
 4.356422
 4.5426273
 4.7288337
 4.915039
 5.1012444
 5.287451
 5.473656
 5.659861
 5.8460674
 5.734107
 5.622146
 5.5101852
 5.398225
 5.286264
 5.174303
 5.062342
 4.9503813
 5.3199925
 5.6896033
 6.059214
 6.4288254
 6.7984366
 7.1680474
 7.537658
 7.9072695
 7.66809
 7.4289103
 7.18973
 6.9505515
 6.711372
 6.472192
 6.2330127
 5.9938335
 5.497207
 5.000581
 4.5039544
 4.0073285
 3.510702
 3.0140758
 2.5174494
 2.0208232
 2.9780502
 3.935277
 4.8925037
 5.849731
 6.806958
 7.764184
 8.721411
 9.678638
 8.560671
 7.442704
 6.3247375
 5.206771
 4.0888033
 2.9708362
 1.8528692
 0.7349021
 1.2784886
 1.8220754
 2.365662
 2.9092486
 3.4528353
 3.9964218
 4.5400085
 5.0835953
 5.5288644
 5.9741344
 6.419404
 6.864674
 7.309943
 7.755213
 8.200482
 8.645752
 8.080247
 7.5147424
 6.9492373
 6.3837333
 5.818228
 5.2527227
 4.6872177
 4.121713
 4.805868
 5.490023
 6.174179
 6.858335
 7.542489
 8.2266445
 8.9108
 9.594955
 9.644018
 9.693084
 9.7421465
 9.791212
 9.840276
 9.889339
 9.938404
 9.987468
 9.534871
 9.082276
 8.629681
 8.177085
 7.7244883
 7.271894
 6.819298
 6.3667016
 6.5838733
 6.801046
 7.018217
 7.2353888
 7.4525604
 7.6697316
 7.886904
 8.104075
 7.4516973
 6.7993183
 6.14694
 5.494561
 4.8421836
 4.189804
 3.537426
 2.8850474
 3.7207603
 4.5564733
 5.3921866
 6.2278996
 7.0636125
 7.899325
 8.735038
 9.570751
 9.488306
 9.405859
 9.323414
 9.240969
 9.158524
 9.076077
 8.993632
 8.911185
 8.686035
 8.460885
 8.235735
 8.010584
 7.7854333
 7.560282
 7.3351316
 7.109981
 7.1263223
 7.1426644
 7.159005
 7.1753473
 7.1916885
 7.2080297
 7.224372
 7.2407126
 6.774972
 6.3092303
 5.84349
 5.377749
 4.9120083
 4.4462676
 3.9805264
 3.5147858
 3.5005484
 3.4863105
 3.472073
 3.4578357
 3.4435983
 3.4293606
 3.415123
 3.4008856
 3.3002727
 3.1996598
 3.099047
 2.9984334
 2.8978205
 2.7972074
 2.6965942
 2.5959814
 3.252471
 3.9089608
 4.56545
 5.22194
 5.87843
 6.5349193
 7.1914086
 7.8478985
 7.195593
 6.543287
 5.890981
 5.2386756
 4.58637
 3.9340634
 3.2817578
 2.629452
 2.3837886
 2.1381247
 1.8924606
 1.646797
 1.4011332
 1.1554695
 0.90980583
 0.66414195
 0.86905074
 1.0739595
 1.2788682
 1.4837767
 1.6886855
 1.8935945
 2.098503
 2.303412
 3.1099193
 3.9164264
 4.7229333
 5.529441
 6.3359475
 7.142455
 7.9489617
 8.755468
 8.806745
 8.858019
 8.909295
 8.960569
 9.011845
 9.063121
 9.114395
 9.165669
 8.713519
 8.261369
 7.8092184
 7.3570666
 6.904916
 6.4527655
 6.000615
 5.548464
 4.9262686
 4.304073
 3.6818776
 3.0596821
 2.4374871
 1.8152919
 1.1930964
 0.57090116
 0.89800155
 1.225102
 1.5522022
 1.8793027
 2.206403
 2.5335033
 2.8606038
 3.1877038
 3.680229
 4.172754
 4.665278
 5.157804
 5.650328
 6.142853
 6.635378
 7.127902
 7.1410427
 7.1541834
 7.1673236
 7.1804647
 7.1936045
 7.206746
 7.2198863
 7.2330265
 7.409757
 7.586487
 7.7632165
 7.939947
 8.116677
 8.293407
 8.470138
 8.646868
 8.048109
 7.4493494
 6.850591
 6.251832
 5.6530733
 5.0543137
 4.4555554
 3.8567958
 3.6980274
 3.5392585
 3.38049
 3.2217216
 3.062953
 2.9041846
 2.7454157
 2.5866473
 3.4559622
 4.3252773
 5.1945925
 6.0639067
 6.933222
 7.802537
 8.671853
 9.541167
 8.973774
 8.40638
 7.838987
 7.271593
 6.7042
 6.1368055
 5.569412
 5.0020194
 4.7861857
 4.5703526
 4.35452
 4.138686
 3.9228528
 3.7070198
 3.4911869
 3.2753537
 3.3648028
 3.4542518
 3.5437012
 3.6331503
 3.7225993
 3.8120487
 3.9014974
 3.9909468
 3.6486895
 3.3064325
 2.9641757
 2.6219187
 2.279662
 1.9374045
 1.5951475
 1.2528902
 1.8015107
 2.350131
 2.8987515
 3.447372
 3.995992
 4.5446124
 5.093233
 5.6418533
 5.4452343
 5.2486157
 5.051996
 4.855377
 4.658758
 4.4621387
 4.26552
 4.068901
 3.8703985
 3.6718957
 3.4733934
 3.274891
 3.0763884
 2.877886
 2.6793833
 2.4808807
 2.9729412
 3.4650013
 3.957062
 4.449122
 4.941183
 5.4332438
 5.925304
 6.417365
 6.167588
 5.917814
 5.6680374
 5.4182615
 5.1684866
 4.9187107
 4.6689353
 4.4191594
 5.0278115
 5.6364646
 6.245116
 6.8537683
 7.4624205
 8.071074
 8.679727
 9.288378
 8.40234
 7.5163016
 6.6302624
 5.744224
 4.858186
 3.9721477
 3.0861092
 2.2000706
 2.5082397
 2.8164089
 3.1245778
 3.432747
 3.7409163
 4.049085
 4.357254
 4.665423
 4.5005593
 4.3356957
 4.1708326
 4.005969
 3.8411055
 3.6762424
 3.5113785
 3.3465152
 3.2685304
 3.1905453
 3.1125605
 3.034576
 2.9565911
 2.878606
 2.8006213
 2.7226367
 2.4583287
 2.1940217
 1.929714
 1.6654066
 1.4010991
 1.1367917
 0.8724842
 0.60817665
 0.72241294
 0.8366492
 0.9508855
 1.0651217
 1.1793578
 1.2935941
 1.4078305
 1.5220666
 1.6954068
 1.8687472
 2.0420876
 2.2154279
 2.388768
 2.5621083
 2.7354486
 2.9087892
 3.6965587
 4.4843283
 5.2720976
 6.059868
 6.847638
 7.6354074
 8.423178
 9.210948
 9.158753
 9.106559
 9.054367
 9.002172
 8.94998
 8.897786
 8.845593
 8.7934
 8.784094
 8.77479
 8.765484
 8.756178
 8.746873
 8.737568
 8.728261
 8.718958
 7.9260426
 7.1331277
 6.3402123
 5.5472975
 4.7543836
 3.9614682
 3.1685536
 2.3756387
 2.6981206
 3.0206022
 3.3430839
 3.6655657
 3.9880476
 4.310529
 4.633011
 4.9554925
 4.559179
 4.1628647
 3.7665508
 3.3702366
 2.9739227
 2.577609
 2.181295
 1.7849813
 2.1252244
 2.4654672
 2.8057103
 3.1459537
 3.4861963
 3.8264394
 4.1666827
 4.5069256
 3.9578118
 3.4086978
 2.8595836
 2.3104696
 1.7613558
 1.2122419
 0.6631278
 0.11401382
 1.0789962
 2.0439785
 3.0089607
 3.973943
 4.9389257
 5.903908
 6.86889
 7.8338723
 7.9628515
 8.091829
 8.220809
 8.349787
 8.4787655
 8.607744
 8.736723
 8.865703
 8.253548
 7.6413927
 7.029237
 6.417083
 5.8049273
 5.192773
 4.580619
 3.968464
 3.9599874
 3.951511
 3.9430344
 3.934558
 3.9260814
 3.917605
 3.9091284
 3.9006515
 4.3770204
 4.853389
 5.3297577
 5.806127
 6.2824955
 6.7588644
 7.235233
 7.7116017
 7.233199
 6.754797
 6.2763944
 5.7979913
 5.3195887
 4.8411865
 4.362784
 3.8843813
 4.5651135
 5.245844
 5.9265757
 6.607307
 7.2880383
 7.9687705
 8.649502
 9.330233
 8.318276
 7.3063197
 6.294363
 5.2824073
 4.270451
 3.2584941
 2.2465374
 1.2345812
 1.9245847
 2.6145883
 3.3045912
 3.9945946
 4.6845984
 5.3746014
 6.0646048
 6.754608
 6.60633
 6.4580517
 6.309774
 6.1614947
 6.0132165
 5.8649387
 5.7166605
 5.5683823
 4.906779
 4.2451754
 3.5835721
 2.921969
 2.2603652
 1.5987619
 0.93715835
 0.27555498
 1.4473132
 2.6190715
 3.7908297
 4.962588
 6.134346
 7.3061047
 8.477863
 9.649622
 9.661135
 9.67265
 9.684163
 9.695679
 9.707194
 9.718707
 9.730223
 9.741735
 9.503531
 9.265329
 9.027125
 8.78892
 8.550716
 8.312512
 8.074308
 7.8361044
 7.3887067
 6.941308
 6.493911
 6.046513
 5.5991144
 5.151716
 4.704318
 4.2569203
 4.603165
 4.94941
 5.2956543
 5.641899
 5.988144
 6.3343887
 6.6806335
 7.0268784
 6.695674
 6.3644705
 6.033266
 5.702062
 5.3708577
 5.0396533
 4.7084494
 4.3772454
 3.8437762
 3.3103065
 2.7768369
 2.2433674
 1.7098982
 1.176429
 0.64295954
 0.10949012
 0.94686425
 1.7842386
 2.6216128
 3.458987
 4.2963614
 5.133735
 5.9711094
 6.808484
 6.1958303
 5.583176
 4.9705224
 4.357869
 3.7452152
 3.1325612
 2.5199077
 1.9072539
 1.8692608
 1.8312678
 1.7932748
 1.7552817
 1.7172887
 1.6792957
 1.6413023
 1.6033094
 2.356211
 3.1091118
 3.8620136
 4.6149144
 5.3678155
 6.1207175
 6.873618
 7.626519
 6.9055247
 6.1845303
 5.463536
 4.742541
 4.0215464
 3.300552
 2.5795572
 1.8585627
 2.1017344
 2.3449059
 2.5880773
 2.8312488
 3.0744205
 3.3175917
 3.5607634
 3.8039348
 4.0675077
 4.33108
 4.5946527
 4.858226
 5.1217985
 5.3853717
 5.6489453
 5.912517
 5.3926673
 4.872817
 4.3529663
 3.8331156
 3.3132653
 2.7934148
 2.2735643
 1.7537138
 1.7897676
 1.8258212
 1.8618749
 1.8979285
 1.9339823
 1.9700358
 2.0060894
 2.042143
 2.2262378
 2.4103322
 2.5944269
 2.7785215
 2.9626162
 3.1467106
 3.3308055
 3.5149002
 3.7830844
 4.0512686
 4.319453
 4.587637
 4.8558216
 5.124006
 5.39219
 5.6603746
 4.990157
 4.319939
 3.6497219
 2.979504
 2.3092868
 1.6390692
 0.9688518
 0.29863438
 1.387977
 2.4773192
 3.5666618
 4.656005
 5.745347
 6.8346887
 7.9240317
 9.013375
 8.31613
 7.618886
 6.921641
 6.2243967
 5.5271525
 4.829908
 4.132663
 3.4354184
 3.428216
 3.4210134
 3.4138112
 3.4066088
 3.3994064
 3.3922038
 3.3850017
 3.377799
 3.933372
 4.488945
 5.044518
 5.600091
 6.1556635
 6.711237
 7.2668095
 7.8223825
 7.3143435
 6.806304
 6.2982645
 5.790225
 5.2821865
 4.774147
 4.2661076
 3.7580683
 4.2721276
 4.786188
 5.300248
 5.814308
 6.328368
 6.842428
 7.3564887
 7.8705487
 7.6471834
 7.423818
 7.200453
 6.977087
 6.753722
 6.530357
 6.3069916
 6.0836263
 6.0671854
 6.050744
 6.0343037
 6.0178623
 6.0014215
 5.98498
 5.968539
 5.9520984
 6.071363
 6.190626
 6.30989
 6.429153
 6.548416
 6.66768
 6.7869434
 6.9062066
 6.4613857
 6.0165644
 5.5717444
 5.126923
 4.6821027
 4.237281
 3.7924602
 3.3476388
 3.6288223
 3.9100058
 4.191189
 4.472372
 4.7535553
 5.034738
 5.3159223
 5.5971045
 5.3591504
 5.121195
 4.8832397
 4.6452847
 4.40733
 4.169375
 3.9314198
 3.6934652
 4.362336
 5.0312066
 5.7000785
 6.3689494
 7.03782
 7.7066913
 8.375563
 9.044434
 9.0299835
 9.0155325
 9.001081
 8.986631
 8.972181
 8.95773
 8.943279
 8.928829
 8.919025
 8.909222
 8.899418
 8.889614
 8.87981
 8.870007
 8.860203
 8.850399
 8.712001
 8.573599
 8.435201
 8.296801
 8.1584015
 8.020002
 7.8816023
 7.743203
 6.903872
 6.0645423
 5.225211
 4.3858805
 3.5465503
 2.7072194
 1.8678888
 1.0285581
 1.7154317
 2.4023054
 3.089179
 3.776053
 4.4629264
 5.1498003
 5.836673
 6.5235467
 6.733239
 6.942932
 7.1526256
 7.362318
 7.572011
 7.7817035
 7.9913964
 8.201089
 7.5261493
 6.8512106
 6.1762705
 5.501332
 4.826392
 4.151452
 3.476513
 2.8015735
 2.9883838
 3.1751938
 3.3620038
 3.548814
 3.735624
 3.9224346
 4.109245
 4.2960553
 3.9091747
 3.5222943
 3.135414
 2.7485337
 2.3616533
 1.9747729
 1.5878925
 1.2010123
 1.2689693
 1.3369266
 1.4048837
 1.4728408
 1.540798
 1.608755
 1.6767122
 1.7446692
 1.7621953
 1.7797214
 1.7972474
 1.8147734
 1.8322996
 1.8498255
 1.8673515
 1.8848777
 1.7965884
 1.708299
 1.6200098
 1.5317205
 1.4434313
 1.3551419
 1.2668523
 1.1785632
 1.2190844
 1.2596056
 1.3001269
 1.3406482
 1.3811696
 1.4216906
 1.4622118
 1.5027332
 1.7682726
 2.033812
 2.2993517
 2.5648913
 2.8304303
 3.0959702
 3.3615098
 3.627049
 4.0034127
 4.379776
 4.7561398
 5.1325026
 5.5088663
 5.88523
 6.261594
 6.637957
 6.460011
 6.2820654
 6.1041183
 5.9261723
 5.7482257
 5.57028
 5.392334
 5.214388
 5.781966
 6.349543
 6.917121
 7.484698
 8.052276
 8.619854
 9.18743
 9.755009
 9.080265
 8.4055195
 7.730775
 7.0560308
 6.3812866
 5.706542
 5.0317974
 4.3570533
 4.768258
 5.1794634
 5.5906677
 6.0018725
 6.4130783
 6.824284
 7.2354884
 7.646693
 6.8734818
 6.1002703
 5.327058
 4.553846
 3.7806342
 3.0074222
 2.23421
 1.4609979
 1.5760517
 1.6911055
 1.8061597
 1.9212134
 2.0362673
 2.1513212
 2.2663753
 2.381429
 2.2236152
 2.0658019
 1.9079882
 1.7501748
 1.5923612
 1.4345474
 1.2767339
 1.1189204
 1.5728688
 2.0268173
 2.480766
 2.9347148
 3.3886633
 3.8426118
 4.2965603
 4.750509
 5.0076365
 5.264764
 5.521891
 5.779018
 6.036146
 6.2932734
 6.5504007
 6.807528
 5.983508
 5.1594896
 4.3354697
 3.5114503
 2.6874304
 1.8634108
 1.0393912
 0.21537155
 1.1990509
 2.1827304
 3.1664095
 4.150089
 5.133768
 6.117448
 7.101127
 8.084806
 7.993563
 7.902321
 7.8110785
 7.7198353
 7.6285925
 7.537349
 7.446107
 7.354864
 6.4714155
 5.587968
 4.70452
 3.8210719
 2.9376237
 2.0541759
 1.1707278
 0.2872796
 1.352933
 2.4185863
 3.484239
 4.549892
 5.615546
 6.681199
 7.746852
 8.812505
 8.551852
 8.2912
 8.030546
 7.7698927
 7.50924
 7.2485876
 6.9879346
 6.7272806
 6.4793406
 6.2314005
 5.9834604
 5.7355204
 5.4875803
 5.23964
 4.9917
 4.74376
 4.5745673
 4.405374
 4.236181
 4.066988
 3.8977945
 3.728602
 3.559409
 3.3902156
 4.06185
 4.7334843
 5.405119
 6.0767536
 6.7483883
 7.420023
 8.091658
 8.763292
 8.434359
 8.105426
 7.7764935
 7.447561
 7.118627
 6.789694
 6.460761
 6.131828
 6.1643786
 6.196931
 6.2294827
 6.2620335
 6.294585
 6.3271375
 6.3596883
 6.39224
 5.6401434
 4.8880463
 4.135949
 3.3838527
 2.631756
 1.8796594
 1.1275628
 0.37546593
 1.0792174
 1.782969
 2.4867206
 3.190472
 3.8942232
 4.597975
 5.3017263
 6.005478
 5.6684623
 5.3314447
 4.994429
 4.657412
 4.3203964
 3.9833803
 3.6463637
 3.3093479
 3.1805396
 3.0517316
 2.9229236
 2.7941158
 2.6653082
 2.5365
 2.407692
 2.278884
 3.0670018
 3.8551192
 4.6432366
 5.4313555
 6.219473
 7.0075903
 7.795708
 8.583827
 7.7779236
 6.9720206
 6.166117
 5.3602147
 4.5543118
 3.748409
 2.942506
 2.1366034
 2.3081098
 2.4796164
 2.6511228
 2.8226292
 2.9941359
 3.165642
 3.3371484
 3.508655
 3.4698627
 3.4310699
 3.3922775
 3.353485
 3.3146925
 3.2758996
 3.2371073
 3.198315
 3.8923075
 4.5862994
 5.280293
 5.9742846
 6.668278
 7.36227
 8.056263
 8.750256
 8.247286
 7.744316
 7.2413464
 6.738377
 6.235407
 5.732437
 5.229467
 4.7264967
 4.2018075
 3.6771176
 3.1524282
 2.6277385
 2.1030488
 1.578359
 1.0536693
 0.52897966
 0.5970689
 0.66515815
 0.73324746
 0.80133665
 0.8694259
 0.93751526
 1.0056045
 1.0736938
 1.6040293
 2.134365
 2.6647005
 3.1950364
 3.7253718
 4.2557073
 4.7860427
 5.316378
 5.6055536
 5.8947287
 6.183904
 6.4730783
 6.7622538
 7.051429
 7.3406043
 7.6297784
 7.5551147
 7.480451
 7.4057865
 7.3311224
 7.2564588
 7.181794
 7.107131
 7.032466
 7.3120604
 7.5916553
 7.8712506
 8.150845
 8.430439
 8.710034
 8.989628
 9.269224
 8.953444
 8.637665
 8.321884
 8.006105
 7.6903253
 7.3745465
 7.0587664
 6.7429867
 6.062408
 5.3818293
 4.7012506
 4.0206723
 3.340094
 2.6595154
 1.9789369
 1.2983583
 1.743148
 2.1879377
 2.6327274
 3.0775173
 3.5223072
 3.9670968
 4.4118867
 4.856676
 4.612422
 4.3681684
 4.123914
 3.8796604
 3.6354063
 3.391152
 3.146898
 2.9026442
 3.2676303
 3.6326165
 3.9976022
 4.3625884
 4.727575
 5.092561
 5.457547
 5.8225327
 5.481458
 5.140383
 4.7993083
 4.458234
 4.1171584
 3.7760837
 3.4350088
 3.0939336
 3.3730774
 3.6522207
 3.9313645
 4.210508
 4.4896517
 4.7687945
 5.0479383
 5.327082
 5.8059144
 6.2847466
 6.7635784
 7.2424107
 7.721243
 8.200075
 8.678907
 9.157741
 9.261977
 9.366215
 9.47045
 9.57469
 9.678926
 9.783162
 9.887401
 9.991638
 9.692745
 9.393851
 9.094959
 8.796066
 8.497173
 8.198281
 7.899389
 7.6004953
 7.846631
 8.092766
 8.338901
 8.585035
 8.831172
 9.077306
 9.323441
 9.569576
 9.322983
 9.076389
 8.829795
 8.583202
 8.336609
 8.090016
 7.843423
 7.59683
 6.8526745
 6.1085196
 5.364364
 4.6202087
 3.8760538
 3.131899
 2.3877437
 1.6435885
 2.305243
 2.966897
 3.6285515
 4.2902055
 4.9518595
 5.6135144
 6.2751684
 6.936822
 7.1725903
 7.4083567
 7.644125
 7.8798923
 8.11566
 8.351427
 8.5871935
 8.822963
 7.779251
 6.7355413
 5.6918306
 4.6481194
 3.604409
 2.5606985
 1.5169882
 0.4732775
 1.4692217
 2.4651663
 3.4611104
 4.4570546
 5.4529996
 6.4489436
 7.4448876
 8.440832
 7.5193505
 6.59787
 5.676389
 4.754908
 3.8334272
 2.9119463
 1.9904652
 1.0689844
 1.5292937
 1.989603
 2.4499125
 2.9102216
 3.3705313
 3.8308406
 4.29115
 4.751459
 4.538025
 4.3245907
 4.1111565
 3.8977225
 3.684288
 3.4708536
 3.2574193
 3.043985
 3.1169229
 3.1898603
 3.2627978
 3.3357353
 3.4086728
 3.4816105
 3.554548
 3.627486
 4.1894054
 4.751325
 5.3132434
 5.8751626
 6.4370823
 6.9990015
 7.5609217
 8.122841
 8.327136
 8.531432
 8.735728
 8.940022
 9.144319
 9.348614
 9.552909
 9.757204
 9.022792
 8.288377
 7.5539637
 6.8195496
 6.085136
 5.3507223
 4.616308
 3.8818944
 4.189386
 4.4968777
 4.8043694
 5.111861
 5.4193525
 5.726845
 6.034337
 6.3418283
 6.1361675
 5.930506
 5.724845
 5.5191846
 5.3135233
 5.1078625
 4.902201
 4.6965404
 5.0210657
 5.345592
 5.6701183
 5.994644
 6.31917
 6.6436963
 6.9682226
 7.292748
 7.0297155
 6.766683
 6.5036497
 6.2406178
 5.977585
 5.714553
 5.45152
 5.1884866
 4.781027
 4.3735666
 3.9661064
 3.5586462
 3.1511862
 2.743726
 2.3362658
 1.9288057
 2.4593327
 2.98986
 3.5203872
 4.050915
 4.581442
 5.1119695
 5.6424966
 6.173024
 5.67309
 5.1731567
 4.673223
 4.1732893
 3.6733556
 3.1734216
 2.6734881
 2.1735544
 2.2901459
 2.4067373
 2.5233285
 2.6399198
 2.7565112
 2.873103
 2.989694
 3.1062856
 2.9995656
 2.892846
 2.7861264
 2.6794064
 2.5726867
 2.4659674
 2.3592477
 2.252528
 2.8500266
 3.447526
 4.045025
 4.642524
 5.2400227
 5.837522
 6.4350214
 7.032521
 6.264768
 5.497016
 4.7292643
 3.961512
 3.19376
 2.4260075
 1.6582555
 0.8905036
 1.7831097
 2.675716
 3.5683217
 4.460928
 5.3535333
 6.2461395
 7.138746
 8.031352
 7.7785287
 7.525706
 7.2728834
 7.0200605
 6.7672377
 6.5144153
 6.2615924
 6.0087695
 5.403305
 4.797839
 4.1923747
 3.5869098
 2.9814448
 2.3759794
 1.7705144
 1.1650492
 1.2597171
 1.3543848
 1.4490526
 1.5437202
 1.6383879
 1.7330556
 1.8277233
 1.9223912
 2.297816
 2.6732404
 3.048665
 3.42409
 3.7995145
 4.174939
 4.5503635
 4.9257884
 5.439749
 5.95371
 6.467671
 6.9816303
 7.495591
 8.009552
 8.523512
 9.037473
 8.180654
 7.323835
 6.4670157
 5.6101966
 4.753378
 3.8965585
 3.0397394
 2.182921
 2.6661093
 3.149297
 3.6324854
 4.115674
 4.598862
 5.082051
 5.565239
 6.0484266
 5.746154
 5.443879
 5.1416063
 4.839332
 4.5370584
 4.2347846
 3.9325109
 3.6302373
 3.7558627
 3.8814883
 4.0071135
 4.132739
 4.2583647
 4.38399
 4.5096154
 4.635241
 4.5224905
 4.409739
 4.2969885
 4.1842375
 4.071487
 3.958736
 3.8459852
 3.7332344
 4.0991726
 4.4651103
 4.831048
 5.1969857
 5.5629244
 5.9288626
 6.2948
 6.660738
 6.9751935
 7.289649
 7.6041036
 7.9185586
 8.233015
 8.54747
 8.861925
 9.17638
 8.512814
 7.849246
 7.1856794
 6.5221124
 5.858546
 5.194979
 4.5314126
 3.867846
 4.6106625
 5.3534794
 6.0962963
 6.8391123
 7.58193
 8.324746
 9.067564
 9.81038
 8.593691
 7.377001
 6.1603107
 4.943621
 3.726932
 2.5102422
 1.2935525
 0.07686286
 0.3296851
 0.58250725
 0.8353296
 1.0881517
 1.340974
 1.593796
 1.8466184
 2.0994406
 2.5723507
 3.045261
 3.518171
 3.9910812
 4.463991
 4.936902
 5.409812
 5.882722
 5.780949
 5.679176
 5.577402
 5.4756293
 5.373856
 5.2720838
 5.17031
 5.0685368
 5.166502
 5.2644672
 5.3624325
 5.460397
 5.5583625
 5.6563272
 5.754293
 5.8522577
 6.2145605
 6.576864
 6.9391656
 7.3014684
 7.6637716
 8.026073
 8.388376
 8.75068
 8.684528
 8.618377
 8.552226
 8.486074
 8.419924
 8.353772
 8.287621
 8.22147
 7.835558
 7.4496465
 7.063735
 6.6778235
 6.291911
 5.905999
 5.520088
 5.1341763
 5.3790035
 5.6238303
 5.8686576
 6.113485
 6.358312
 6.6031394
 6.8479667
 7.0927935
 6.4074316
 5.7220697
 5.036708
 4.3513465
 3.665985
 2.9806235
 2.2952616
 1.6099001
 2.300207
 2.990514
 3.680821
 4.3711286
 5.0614347
 5.751742
 6.442049
 7.1323557
 7.105631
 7.0789056
 7.052181
 7.025457
 6.9987316
 6.972007
 6.945281
 6.918556
 6.1496434
 5.3807306
 4.611818
 3.8429055
 3.0739925
 2.30508
 1.5361669
 0.7672542
 1.8710904
 2.9749265
 4.078763
 5.1825995
 6.2864356
 7.3902717
 8.494108
 9.597944
 9.3835535
 9.169161
 8.954769
 8.740376
 8.525986
 8.311594
 8.097202
 7.88281
 8.013738
 8.144665
 8.275592
 8.406519
 8.537446
 8.668374
 8.7993
 8.930226
 8.816428
 8.702632
 8.588833
 8.475035
 8.361237
 8.247438
 8.13364
 8.019842
 8.066011
 8.112181
 8.15835
 8.204519
 8.250688
 8.296858
 8.343026
 8.389195
 7.9745374
 7.5598783
 7.14522
 6.7305613
 6.315903
 5.901245
 5.4865866
 5.071928
 4.636378
 4.2008286
 3.765279
 3.3297298
 2.89418
 2.45863
 2.0230806
 1.5875309
 1.9494234
 2.3113163
 2.673209
 3.0351017
 3.396994
 3.7588868
 4.120779
 4.4826717
 4.0128474
 3.5430226
 3.0731978
 2.6033735
 2.133549
 1.6637247
 1.1939
 0.72407544
 1.0014373
 1.278799
 1.5561607
 1.8335227
 2.1108844
 2.388246
 2.665608
 2.9429698
 3.5164855
 4.090001
 4.6635175
 5.2370324
 5.810548
 6.3840637
 6.9575796
 7.531095
 6.663243
 5.7953897
 4.927537
 4.0596848
 3.1918323
 2.3239796
 1.4561272
 0.5882747
 1.3549336
 2.1215928
 2.8882518
 3.6549106
 4.42157
 5.188228
 5.954888
 6.721547
 6.593336
 6.4651256
 6.336915
 6.2087045
 6.0804944
 5.9522834
 5.824073
 5.6958623
 5.225922
 4.755982
 4.2860417
 3.8161016
 3.3461614
 2.8762212
 2.406281
 1.9363409
 1.9295603
 1.9227797
 1.915999
 1.9092184
 1.9024378
 1.8956572
 1.8888766
 1.8820959
 2.1707852
 2.459475
 2.7481644
 3.0368538
 3.3255434
 3.6142325
 3.9029224
 4.191612
 4.642622
 5.0936327
 5.5446424
 5.995653
 6.4466634
 6.897674
 7.3486843
 7.799695
 7.1779795
 6.556266
 5.934551
 5.3128366
 4.691122
 4.0694075
 3.4476929
 2.8259783
 3.6396055
 4.453233
 5.26686
 6.0804877
 6.894114
 7.7077417
 8.521369
 9.334996
 9.286599
 9.238201
 9.189803
 9.141405
 9.093007
 9.044608
 8.996211
 8.947813
 8.367489
 7.787165
 7.206842
 6.6265182
 6.046195
 5.4658713
 4.885548
 4.305224
 3.9398844
 3.5745447
 3.2092052
 2.8438656
 2.478526
 2.1131864
 1.7478468
 1.3825073
 2.416663
 3.4508183
 4.4849744
 5.5191293
 6.5532846
 7.5874405
 8.621596
 9.655751
 9.088749
 8.521748
 7.954745
 7.387743
 6.8207407
 6.2537384
 5.6867366
 5.119735
 4.6244383
 4.129143
 3.6338475
 3.1385524
 2.6432567
 2.1479611
 1.6526656
 1.1573699
 1.2952886
 1.433207
 1.5711255
 1.709044
 1.8469625
 1.984881
 2.1227996
 2.260718
 2.6785724
 3.0964267
 3.514281
 3.9321353
 4.3499894
 4.767844
 5.1856985
 5.603553
 5.5862956
 5.5690384
 5.5517817
 5.534525
 5.5172677
 5.5000105
 5.4827547
 5.4654975
 5.4707747
 5.4760523
 5.481331
 5.4866085
 5.4918866
 5.497164
 5.5024414
 5.50772
 5.3067784
 5.1058373
 4.9048967
 4.7039557
 4.503014
 4.302073
 4.101132
 3.9001908
 4.2002296
 4.500269
 4.800308
 5.1003475
 5.4003863
 5.700426
 6.0004654
 6.3005047
 5.7234745
 5.1464443
 4.5694146
 3.9923847
 3.4153545
 2.8383243
 2.2612941
 1.684264
 2.227109
 2.7699537
 3.312798
 3.8556433
 4.3984885
 4.9413323
 5.4841776
 6.0270224
 6.3783693
 6.7297153
 7.0810623
 7.432409
 7.783755
 8.135102
 8.486448
 8.837795
 8.676087
 8.5143795
 8.352671
 8.190963
 8.029255
 7.8675466
 7.7058387
 7.5441303
 7.1922064
 6.840282
 6.4883585
 6.1364346
 5.78451
 5.4325867
 5.080663
 4.728739
 4.5398583
 4.3509774
 4.162098
 3.9732172
 3.7843366
 3.5954564
 3.406576
 3.217696
 3.318008
 3.41832
 3.518632
 3.6189444
 3.7192564
 3.8195684
 3.9198804
 4.0201926
 3.7826512
 3.54511
 3.3075688
 3.0700276
 2.8324864
 2.5949452
 2.3574042
 2.1198633
 2.4945881
 2.8693132
 3.2440383
 3.6187634
 3.9934888
 4.368214
 4.742938
 5.1176634
 5.693746
 6.269828
 6.8459096
 7.4219913
 7.998073
 8.574156
 9.150238
 9.726319
 8.650071
 7.573823
 6.4975743
 5.421326
 4.345078
 3.2688293
 2.1925812
 1.1163328
 0.9909857
 0.8656386
 0.74029154
 0.6149444
 0.48959732
 0.36425024
 0.23890314
 0.11355606
 0.50540173
 0.89724743
 1.2890931
 1.6809388
 2.0727844
 2.4646301
 2.8564758
 3.2483215
 2.9242985
 2.600276
 2.2762532
 1.9522306
 1.6282079
 1.3041852
 0.9801623
 0.6561395
 1.4278666
 2.1995935
 2.9713206
 3.7430475
 4.5147753
 5.2865014
 6.0582285
 6.829956
 7.129209
 7.42846
 7.7277126
 8.026965
 8.326218
 8.625469
 8.924723
 9.223973
 9.284607
 9.345241
 9.405872
 9.466505
 9.527136
 9.58777
 9.648403
 9.709035
 8.980351
 8.251668
 7.522985
 6.7943015
 6.065618
 5.3369346
 4.608251
 3.8795674
 3.7961328
 3.712699
 3.6292646
 3.5458302
 3.462396
 3.3789618
 3.2955275
 3.212093
 3.4449935
 3.677894
 3.9107945
 4.1436954
 4.376596
 4.6094966
 4.842397
 5.0752974
 5.1398444
 5.2043905
 5.268936
 5.3334827
 5.3980284
 5.4625754
 5.5271215
 5.591667
 4.936544
 4.28142
 3.6262968
 2.9711733
 2.3160498
 1.6609262
 1.0058026
 0.35067922
 1.3035398
 2.2564003
 3.2092612
 4.162122
 5.1149826
 6.067843
 7.020704
 7.973564
 7.1680713
 6.3625793
 5.5570874
 4.7515945
 3.9461021
 3.1406097
 2.3351173
 1.5296249
 1.688937
 1.8482492
 2.0075612
 2.1668735
 2.3261857
 2.4854975
 2.6448097
 2.8041217
 3.0058212
 3.20752
 3.40922
 3.610919
 3.8126183
 4.0143175
 4.216017
 4.417716
 4.4651866
 4.512657
 4.5601273
 4.607598
 4.6550684
 4.7025385
 4.750009
 4.7974796
 4.322728
 3.8479762
 3.3732245
 2.8984723
 2.4237208
 1.9489686
 1.4742168
 0.99946505
 1.4223869
 1.8453089
 2.268231
 2.691153
 3.1140747
 3.5369966
 3.9599187
 4.3828406
 4.351934
 4.321027
 4.2901196
 4.259212
 4.228305
 4.1973977
 4.1664906
 4.1355834
 4.075103
 4.014622
 3.9541423
 3.8936615
 3.8331807
 3.7727008
 3.7122202
 3.6517398
 3.7903028
 3.9288661
 4.067429
 4.2059927
 4.3445563
 4.4831185
 4.621682
 4.7602453
 4.7658777
 4.7715106
 4.7771435
 4.7827764
 4.7884088
 4.794042
 4.799675
 4.8053074
 4.401938
 3.998569
 3.5951996
 3.1918302
 2.788461
 2.3850915
 1.9817225
 1.5783533
 1.518751
 1.4591489
 1.3995465
 1.3399444
 1.2803421
 1.22074
 1.1611378
 1.1015356
 1.3716943
 1.6418531
 1.9120119
 2.1821706
 2.4523292
 2.7224882
 2.9926467
 3.2628057
 2.8927732
 2.5227404
 2.1527076
 1.7826753
 1.4126427
 1.04261
 0.6725775
 0.30254486
 0.6586969
 1.014849
 1.3710009
 1.7271532
 2.0833051
 2.4394572
 2.795609
 3.1517613
 2.835522
 2.5192828
 2.2030437
 1.8868045
 1.5705653
 1.2543261
 0.9380868
 0.6218477
 1.3498548
 2.0778618
 2.8058689
 3.5338757
 4.261883
 4.98989
 5.7178965
 6.4459033
 6.786618
 7.127332
 7.468046
 7.8087606
 8.149474
 8.490189
 8.830902
 9.171617
 9.263378
 9.355139
 9.446901
 9.538664
 9.630424
 9.722185
 9.813948
 9.90571
 9.0312395
 8.156769
 7.2822976
 6.4078283
 5.5333576
 4.6588874
 3.7844172
 2.9099467
 3.052292
 3.1946373
 3.3369827
 3.4793282
 3.6216736
 3.7640188
 3.906364
 4.0487094
 3.803636
 3.5585632
 3.3134906
 3.068417
 2.8233442
 2.578271
 2.333198
 2.088125
 2.8079543
 3.527784
 4.247614
 4.9674435
 5.687273
 6.4071026
 7.126931
 7.8467617
 7.640653
 7.434545
 7.2284365
 7.022328
 6.8162184
 6.61011
 6.4040017
 6.197893
 6.16357
 6.1292477
 6.094925
 6.060601
 6.026278
 5.991956
 5.9576335
 5.9233103
 5.485236
 5.047162
 4.609086
 4.171012
 3.7329373
 3.294863
 2.8567884
 2.4187138
 3.147706
 3.8766987
 4.605691
 5.334684
 6.063676
 6.792669
 7.521661
 8.250653
 8.039951
 7.829249
 7.6185474
 7.4078455
 7.1971436
 6.9864416
 6.7757397
 6.5650377
 6.037809
 5.51058
 4.9833517
 4.4561224
 3.9288936
 3.4016647
 2.874436
 2.3472073
 2.8705022
 3.3937967
 3.9170918
 4.4403863
 4.9636817
 5.4869766
 6.010271
 6.5335665
 6.713717
 6.8938684
 7.0740204
 7.2541714
 7.4343233
 7.614474
 7.7946253
 7.974777
 8.009245
 8.043713
 8.07818
 8.112649
 8.147117
 8.181585
 8.216053
 8.250521
 7.761183
 7.271845
 6.782507
 6.293168
 5.8038306
 5.314492
 4.825155
 4.3358164
 4.3087025
 4.281588
 4.2544746
 4.2273607
 4.2002473
 4.173133
 4.1460195
 4.1189055
 4.8253794
 5.531853
 6.238327
 6.9448013
 7.651275
 8.357749
 9.064222
 9.770696
 9.04508
 8.319466
 7.5938506
 6.868235
 6.1426196
 5.417005
 4.691389
 3.965774
 3.9644232
 3.9630728
 3.9617224
 3.9603717
 3.9590213
 3.957671
 3.9563205
 3.95497
 4.521785
 5.088601
 5.6554174
 6.222232
 6.789048
 7.3558645
 7.9226794
 8.489495
 7.7528887
 7.016281
 6.279673
 5.543066
 4.8064585
 4.0698514
 3.3332443
 2.5966372
 2.9229345
 3.2492323
 3.5755298
 3.9018276
 4.228125
 4.5544224
 4.8807206
 5.207018
 5.1353173
 5.0636163
 4.9919157
 4.920216
 4.848515
 4.7768145
 4.705114
 4.633413
 4.916878
 5.2003436
 5.4838095
 5.767275
 6.0507407
 6.334206
 6.617671
 6.9011374
 6.279744
 5.6583505
 5.036957
 4.4155636
 3.7941704
 3.1727774
 2.5513835
 1.9299903
 2.0097117
 2.0894332
 2.169155
 2.248876
 2.3285978
 2.4083197
 2.488041
 2.5677621
 2.4312055
 2.2946484
 2.158092
 2.0215352
 1.8849782
 1.7484213
 1.6118646
 1.4753077
 1.3987916
 1.3222752
 1.2457588
 1.1692426
 1.0927262
 1.0162098
 0.93969345
 0.8631772
 0.76525676
 0.66733617
 0.56941575
 0.4714952
 0.37357473
 0.27565426
 0.17773375
 0.07981327
 0.8262503
 1.5726874
 2.3191247
 3.0655618
 3.8119986
 4.5584354
 5.3048725
 6.0513096
 5.4914875
 4.9316645
 4.3718424
 3.8120203
 3.2521977
 2.6923757
 2.1325536
 1.5727311
 2.1825144
 2.7922976
 3.4020808
 4.011864
 4.621648
 5.2314305
 5.841214
 6.450997
 6.4570384
 6.4630795
 6.4691215
 6.475163
 6.4812036
 6.4872446
 6.493286
 6.4993277
 6.3598175
 6.2203083
 6.0807986
 5.9412894
 5.8017797
 5.6622696
 5.5227594
 5.3832498
 5.2501154
 5.116981
 4.9838467
 4.850713
 4.7175775
 4.584443
 4.4513087
 4.3181744
 4.355718
 4.3932605
 4.430804
 4.4683475
 4.505891
 4.543434
 4.5809774
 4.6185207
 5.0535073
 5.4884953
 5.923483
 6.3584695
 6.793457
 7.2284446
 7.6634316
 8.098419
 7.126612
 6.1548057
 5.1829987
 4.211192
 3.2393851
 2.2675784
 1.2957718
 0.32396492
 0.4980998
 0.67223465
 0.8463696
 1.0205045
 1.1946393
 1.3687744
 1.5429094
 1.7170442
 1.6912525
 1.6654611
 1.6396694
 1.6138778
 1.5880862
 1.5622945
 1.536503
 1.5107114
 1.9468725
 2.3830335
 2.8191948
 3.2553558
 3.6915169
 4.127678
 4.5638385
