 0.21305847
 0.21513727
 0.2172161
 0.2192949
 0.22137374
 0.22345257
 0.22553137
 0.2276102
 0.22968903
 0.23176783
 0.23384666
 0.2359255
 0.2380043
 0.24008313
 0.24216193
 0.24424076
 0.24631959
 0.2483984
 0.25047722
 0.25255603
 0.25463486
 0.2567137
 0.2587925
 0.26087132
 0.26295015
 0.26502895
 0.26710778
 0.26918662
 0.27126545
 0.27334422
 0.27542305
 0.27750188
 0.27958068
 0.2816595
 0.28373834
 0.28581718
 0.28789598
 0.2899748
 0.29205364
 0.29413244
 0.29621124
 0.29829007
 0.3003689
 0.3024477
 0.30452654
 0.30660534
 0.30868417
 0.310763
 0.31284183
 0.31492066
 0.31699947
 0.3190783
 0.3211571
 0.32323593
 0.32531473
 0.32739353
 0.3294724
 0.3315512
 0.33363003
 0.33570883
 0.33778766
 0.3398665
 0.34194532
 0.34402412
 0.34610295
 0.34818175
 0.3502606
 0.3523394
 0.35441822
 0.35649705
 0.35857588
 0.36065468
 0.3627335
 0.3648123
 0.36689115
 0.36896998
 0.3710488
 0.37312764
 0.37520644
 0.37728524
 0.37936407
 0.3814429
 0.38352174
 0.38560054
 0.38767937
 0.38975817
 0.391837
 0.39391583
 0.39599463
 0.39807343
 0.4001523
 0.40223113
 0.40430993
 0.40638876
 0.40846756
 0.4105464
 0.41262522
 0.41470402
 0.41678286
 0.4188617
 0.42094052
 0.4230193
 0.42509812
 0.42717695
 0.42925578
 0.43133458
 0.43341342
 0.43549222
 0.43757105
 0.43964988
 0.4417287
 0.4438075
 0.4458863
 0.44796515
 0.45004398
 0.45212278
 0.4542016
 0.45628044
 0.45835927
 0.46043807
 0.4625169
 0.46459574
 0.4666745
 0.46875334
 0.47083217
 0.472911
 0.4749898
 0.47706863
 0.47914743
 0.4812263
 0.4833051
 0.48538393
 0.48746273
 0.48954156
 0.49162036
 0.4936992
 0.49577802
 0.49785686
 0.49993566
 0.50201446
 0.5040933
 0.5061721
 0.50825095
 0.5103298
 0.5124086
 0.5144874
 0.5165662
 0.51864505
 0.5207239
 0.5228027
 0.52488154
 0.5269603
 0.52903914
 0.531118
 0.5331968
 0.5352756
 0.53735447
 0.5394333
 0.5415121
 0.5435909
 0.54566973
 0.54774857
 0.54982734
 0.55190617
 0.553985
 0.55606383
 0.55814266
 0.56022143
 0.5623003
 0.5643791
 0.5664579
 0.56853676
 0.57061553
 0.5726944
 0.5747732
 0.576852
 0.57893085
 0.5810096
 0.5830885
 0.5851673
 0.5872461
 0.58932495
 0.5914038
 0.5934826
 0.5955614
 0.5976402
 0.59971905
 0.6017979
 0.6038767
 0.6059555
 0.6080343
 0.61011314
 0.612192
 0.6142708
 0.6163496
 0.6184284
 0.62050724
 0.6225861
 0.6246649
 0.6267437
 0.6288225
 0.63090134
 0.63298017
 0.635059
 0.6371378
 0.63921666
 0.64129543
 0.64337426
 0.6454531
 0.64753187
 0.64961076
 0.6516895
 0.65376836
 0.6558472
 0.65792596
 0.66000485
 0.6620836
 0.66416246
 0.6662413
 0.6683201
 0.67039895
 0.6724777
 0.67455655
 0.6766354
 0.6787142
 0.680793
 0.6828719
 0.6849507
 0.6870295
 0.6891083
 0.69118714
 0.693266
 0.69534475
 0.6974236
 0.6995024
 0.70158124
 0.70366
 0.7057389
 0.7078177
 0.7098965
 0.71197534
 0.7140541
 0.716133
 0.71821177
 0.7202906
 0.72236943
 0.7244482
 0.7265271
 0.7286059
 0.7306847
 0.7327635
 0.73484236
 0.7369212
 0.739
 0.7410788
 0.7431576
 0.74240166
 0.7416458
 0.74088985
 0.74013394
 0.739378
 0.73862207
 0.73786616
 0.73711026
 0.7363543
 0.7355984
 0.7348424
 0.7340865
 0.7333306
 0.7325747
 0.73181874
 0.7310628
 0.7303069
 0.72955096
 0.72879505
 0.72803915
 0.72728324
 0.7265273
 0.7257713
 0.72501546
 0.7242595
 0.7235036
 0.7227476
 0.7219918
 0.7212358
 0.72047985
 0.719724
 0.71896803
 0.7182121
 0.71745616
 0.71670026
 0.71594435
 0.7151884
 0.7144325
 0.7136766
 0.71292067
 0.71216464
 0.71140873
 0.7106528
 0.70989686
 0.70914096
 0.708385
 0.7076291
 0.7068732
 0.7061173
 0.70536137
 0.7046054
 0.7038495
 0.7030935
 0.7023376
 0.70158166
 0.7008257
 0.7000698
 0.6993139
 0.698558
 0.697802
 0.6970461
 0.6962902
 0.6955342
 0.6947783
 0.6940224
 0.69326645
 0.69251055
 0.6917546
 0.6909987
 0.69024277
 0.6894868
 0.6887309
 0.687975
 0.687219
 0.6864631
 0.6857072
 0.6849513
 0.6841954
 0.68343943
 0.68268347
 0.68192756
 0.68117166
 0.68041575
 0.6796598
 0.6789039
 0.6781479
 0.677392
 0.6766361
 0.6758802
 0.67512417
 0.6743683
 0.6736124
 0.67285645
 0.67210054
 0.6713446
 0.6705887
 0.6698327
 0.6690768
 0.6683209
 0.667565
 0.666809
 0.66605306
 0.6652972
 0.66454124
 0.66378534
 0.66302943
 0.66227347
 0.66151756
 0.6607616
 0.6600057
 0.6592498
 0.6584939
 0.6577379
 0.656982
 0.65622604
 0.65547013
 0.6547142
 0.6539583
 0.65320235
 0.65244645
 0.6516905
 0.6509346
 0.6501787
 0.6494227
 0.6486668
 0.6479109
 0.647155
 0.646399
 0.6456431
 0.6448872
 0.64413124
 0.64337534
 0.6426194
 0.64186347
 0.6411075
 0.6403516
 0.6395957
 0.6388397
 0.6380838
 0.6373279
 0.636572
 0.63581604
 0.6350601
 0.63430417
 0.63354826
 0.63279235
 0.6320364
 0.6312805
 0.6305246
 0.6297686
 0.6290127
 0.6282568
 0.62750083
 0.626745
 0.62598896
 0.62523305
 0.62447715
 0.62372124
 0.6229653
 0.62220937
 0.62145346
 0.6206975
 0.6199416
 0.6191856
 0.6184297
 0.6176738
 0.61691785
 0.61616194
 0.61540604
 0.61465013
 0.61389416
 0.61313826
 0.6123823
 0.6116264
 0.6108705
 0.6101146
 0.6093586
 0.60860264
 0.60784674
 0.60709083
 0.6063349
 0.605579
 0.60482305
 0.60406715
 0.6033112
 0.6025553
 0.60179937
 0.60104346
 0.6002875
 0.5995316
 0.5987756
 0.5980197
 0.59726375
 0.59650785
 0.59575194
 0.59499604
 0.59424007
 0.59348416
 0.59272826
 0.5919723
 0.5912164
 0.5904605
 0.5897045
 0.5889486
 0.58819264
 0.58743674
 0.5866808
 0.58592486
 0.58516896
 0.58441305
 0.5836571
 0.5829012
 0.5821453
 0.5813893
 0.5806334
 0.5798775
 0.5791216
 0.5783656
 0.5776097
 0.57685375
 0.57609785
 0.57534194
 0.57458603
 0.57383007
 0.57307416
 0.57231826
 0.5715623
 0.5708064
 0.5700504
 0.5692945
 0.5685386
 0.56778264
 0.56702673
 0.5662708
 0.56551486
 0.56475896
 0.564003
 0.5632471
 0.5624912
 0.5617353
 0.56097937
 0.5602234
 0.55946743
 0.5587115
 0.5579556
 0.55719966
 0.55644375
 0.55568784
 0.5549319
 0.554176
 0.55342007
 0.5526641
 0.5519082
 0.5511522
 0.5503963
 0.5496404
 0.5475539
 0.54546744
 0.543381
 0.54129446
 0.53920794
 0.5371215
 0.535035
 0.5329485
 0.530862
 0.5287755
 0.52668905
 0.52460253
 0.522516
 0.52042955
 0.5183431
 0.5162566
 0.51417005
 0.5120836
 0.5099971
 0.5079106
 0.5058241
 0.5037376
 0.50165117
 0.49956465
 0.49747816
 0.49539167
 0.49330518
 0.4912187
 0.4891322
 0.4870457
 0.48495921
 0.48287272
 0.48078623
 0.47869974
 0.47661325
 0.47452676
 0.47244027
 0.47035378
 0.4682673
 0.4661808
 0.4640943
 0.46200782
 0.45992133
 0.45783484
 0.45574835
 0.45366186
 0.45157537
 0.44948888
 0.4474024
 0.4453159
 0.4432294
 0.44114292
 0.43905643
 0.43696994
 0.43488345
 0.43279696
 0.43071046
 0.42862397
 0.42653748
 0.424451
 0.4223645
 0.420278
 0.41819152
 0.41610503
 0.41401854
 0.41193205
 0.40984556
 0.40775907
 0.40567258
 0.4035861
 0.4014996
 0.3994131
 0.39732662
 0.39524013
 0.39315364
 0.39106715
 0.38898066
 0.38689417
 0.38480768
 0.3827212
 0.3806347
 0.3785482
 0.3764617
 0.37437522
 0.37228873
 0.37020224
 0.36811575
 0.36602926
 0.36394277
 0.36185628
 0.3597698
 0.3576833
 0.3555968
 0.35351032
 0.35142383
 0.34933734
 0.34725085
 0.34516436
 0.34307787
 0.34099138
 0.3389049
 0.3368184
 0.3347319
 0.33264542
 0.33055893
 0.32847244
 0.32638595
 0.32429945
 0.32221296
 0.32012647
 0.31803998
 0.3159535
 0.313867
 0.3117805
 0.30969402
 0.30760753
 0.30552104
 0.30343455
 0.30134806
 0.29926157
 0.29717508
 0.2950886
 0.2930021
 0.2909156
 0.28882912
 0.28674263
 0.28465614
 0.28256965
 0.28048316
 0.27839667
 0.27631018
 0.2742237
 0.2721372
 0.2700507
 0.2679642
 0.26587772
 0.26379123
 0.26170474
 0.25961825
 0.25753176
 0.25544527
 0.25335878
 0.2512723
 0.2491858
 0.24709931
 0.24501282
 0.24292633
 0.24083984
 0.23875335
 0.23666686
 0.23458037
 0.23249388
 0.23040739
 0.2283209
 0.2262344
 0.22414792
 0.22206143
 0.21997494
 0.21788844
 0.21580195
 0.21371546
 0.21162897
 0.20954248
 0.207456
 0.2053695
 0.20328301
 0.20119652
 0.19911003
 0.19702354
 0.19493705
 0.19285056
 0.19076407
 0.18867758
 0.18659109
 0.1845046
 0.18241811
 0.18033162
 0.17824513
 0.17615864
 0.17407215
 0.17198566
 0.16989917
 0.16781268
 0.16572618
 0.1636397
 0.1615532
 0.15946671
 0.15738022
 0.15529373
 0.15320724
 0.15112075
 0.14903426
 0.14694777
 0.14486128
 0.1427748
 0.1406883
 0.13860181
 0.13651532
 0.13442883
 0.13234234
 0.13025585
 0.12816936
 0.12608287
 0.12399638
 0.12190989
 0.119823396
 0.117736906
 0.115650415
 0.113563925
 0.111477435
 0.109390944
 0.107304454
 0.10521796
 0.10313147
 0.10104498
 0.0989585
 0.09687201
 0.09478552
 0.09269903
 0.09061254
 0.08852605
 0.08643956
 0.08435307
 0.08226658
 0.080180086
 0.078093596
 0.076007105
 0.073920615
 0.071834125
 0.069747634
 0.067661144
 0.06557465
 0.06348816
 0.061401673
 0.059315182
 0.057228692
 0.0551422
 0.05305571
 0.05096922
 0.04888273
 0.04679624
 0.04470975
 0.04262326
 0.04053677
 0.03845028
 0.036363788
 0.034277298
 0.032190807
 0.030104317
 0.028017826
 0.025931336
 0.023844846
 0.021758355
 0.019671865
 0.017585374
 0.015498884
 0.018468825
 0.021438766
 0.024408706
 0.027378649
 0.030348588
 0.033318527
 0.03628847
 0.039258413
 0.042228352
 0.04519829
 0.04816823
 0.051138174
 0.054108117
 0.057078056
 0.060047995
 0.063017935
 0.065987885
 0.06895782
 0.071927756
 0.0748977
 0.07786764
 0.08083758
 0.08380752
 0.08677746
 0.08974741
 0.09271735
 0.095687285
 0.09865723
 0.10162717
 0.10459711
 0.10756705
 0.11053699
 0.11350693
 0.11647687
 0.119446814
 0.12241676
 0.12538669
 0.12835664
 0.13132659
 0.13429652
 0.13726646
 0.1402364
 0.14320634
 0.14617628
 0.14914623
 0.15211616
 0.1550861
 0.15805605
 0.16102597
 0.16399592
 0.16696587
 0.1699358
 0.17290574
 0.1758757
 0.17884563
 0.18181556
 0.1847855
 0.18775545
 0.19072539
 0.19369534
 0.19666527
 0.19963522
 0.20260516
 0.2055751
 0.20854504
 0.21151498
 0.21448492
 0.21745485
 0.2204248
 0.22339475
 0.22636467
 0.22933462
 0.23230456
 0.2352745
 0.23824444
 0.24121438
 0.24418432
 0.24715427
 0.2501242
 0.25309414
 0.2560641
 0.25903404
 0.26200396
 0.2649739
 0.26794386
 0.27091378
 0.27388373
 0.27685368
 0.2798236
 0.28279355
 0.2857635
 0.28873342
 0.29170337
 0.2946733
 0.29764324
 0.3006132
 0.30358312
 0.30655307
 0.30952302
 0.31249297
 0.3154629
 0.31843284
 0.3214028
 0.32437274
 0.32734266
 0.3303126
 0.33328253
 0.33625248
 0.33922243
 0.34219235
 0.34516233
 0.34813225
 0.35110217
 0.35407215
 0.35704207
 0.36001202
 0.36298198
 0.3659519
 0.36892185
 0.37189177
 0.37486172
 0.37783167
 0.38080162
 0.38377154
 0.3867415
 0.38971144
 0.3926814
 0.3956513
 0.39862126
 0.40159118
 0.40456116
 0.40753108
 0.41050103
 0.41347095
 0.4164409
 0.41941082
 0.4223808
 0.42535073
 0.42832065
 0.43129063
 0.43426055
 0.43723047
 0.44020045
 0.44317037
 0.44614032
 0.44911027
 0.4520802
 0.4550501
 0.45802006
 0.46099
 0.46395996
 0.4669299
 0.46989983
 0.47286978
 0.4758397
 0.47880965
 0.4817796
 0.48474956
 0.48771948
 0.49068943
 0.49365938
 0.49662933
 0.49959928
 0.5025692
 0.5055391
 0.50850904
 0.511479
 0.51444894
 0.5174189
 0.52038884
 0.52335876
 0.5263287
 0.52929866
 0.5322686
 0.5352385
 0.5382085
 0.5411784
 0.5441483
 0.5471183
 0.5500882
 0.55305815
 0.5560281
 0.55899805
 0.561968
 0.56493795
 0.56790787
 0.5708778
 0.5738477
 0.5768177
 0.5797876
 0.5827576
 0.5857275
 0.58869743
 0.5916674
 0.59463733
 0.59760725
 0.60057724
 0.60354716
 0.6065171
 0.60948706
 0.61245704
 0.61542696
 0.6183969
 0.62136686
 0.6243367
 0.6273067
 0.6302767
 0.6332466
 0.6362165
 0.6391865
 0.6421564
 0.64512634
 0.6480963
 0.65106624
 0.6540362
 0.65700614
 0.65997607
 0.662946
 0.66591597
 0.66888595
 0.67185587
 0.6748258
 0.67779577
 0.6807657
 0.68373567
 0.6867055
 0.6896755
 0.69264543
 0.6956154
 0.6985853
 0.70155525
 0.70452523
 0.70749515
 0.7104651
 0.71343505
 0.7164049
 0.7193749
 0.7223449
 0.7253148
 0.7282847
 0.73125464
 0.73422456
 0.73719454
 0.7401645
 0.7431344
 0.74610436
 0.74907434
 0.7520442
 0.7550142
 0.7579841
 0.760954
 0.763924
 0.7668939
 0.7698639
 0.77283376
 0.77580374
 0.77556866
 0.77533364
 0.7750985
 0.7748635
 0.7746284
 0.7743933
 0.77415824
 0.77392316
 0.77368814
 0.77345306
 0.7732179
 0.77298295
 0.7727479
 0.7725128
 0.7722777
 0.77204263
 0.77180755
 0.7715725
 0.7713374
 0.7711023
 0.7708672
 0.7706322
 0.7703971
 0.7701621
 0.769927
 0.76969194
 0.76945686
 0.7692218
 0.76898676
 0.7687516
 0.7685166
 0.7682815
 0.76804644
 0.76781136
 0.76757634
 0.76734126
 0.7671062
 0.7668711
 0.766636
 0.76640093
 0.76616585
 0.7659308
 0.7656957
 0.7654606
 0.7652256
 0.7649905
 0.7647555
 0.7645204
 0.7642853
 0.76405025
 0.76381516
 0.7635801
 0.763345
 0.76311
 0.7628749
 0.76263976
 0.7624047
 0.76216966
 0.7619346
 0.7616995
 0.7614644
 0.7612294
 0.7609943
 0.76075923
 0.76052415
 0.7602891
 0.760054
 0.7598189
 0.7595839
 0.7593488
 0.7591137
 0.75887865
 0.7586436
 0.75840855
 0.75817347
 0.7579384
 0.7577033
 0.7574683
 0.7572332
 0.7569981
 0.75676304
 0.75652796
 0.75629294
 0.75605786
 0.7558228
 0.7555877
 0.7553526
 0.75511754
 0.75488245
 0.7546474
 0.75441235
 0.75417733
 0.75394225
 0.7537072
 0.7534721
 0.753237
 0.7530019
 0.7527669
 0.7525318
 0.75229675
 0.7520616
 0.7518266
 0.7515915
 0.7513565
 0.7511214
 0.7508863
 0.75065124
 0.75041616
 0.7501811
 0.749946
 0.7497109
 0.7494759
 0.7492409
 0.7490058
 0.7487707
 0.74853563
 0.74830055
 0.7480655
 0.7478304
 0.74759537
 0.7473603
 0.7471252
 0.7468901
 0.7466551
 0.74641997
 0.7461849
 0.74594986
 0.7457148
 0.7454797
 0.7452446
 0.74500954
 0.7447745
 0.7445394
 0.74430436
 0.74406934
 0.74383426
 0.7435992
 0.7433641
 0.743129
 0.74289393
 0.74265885
 0.7424238
 0.74218875
 0.7419537
 0.7417186
 0.74148357
 0.7412485
 0.7410134
 0.7407783
 0.74054325
 0.74030817
 0.7400731
 0.73983806
 0.739603
 0.73936784
 0.7391328
 0.7388978
 0.7386627
 0.7384276
 0.73819256
 0.7379575
 0.7377224
 0.7374874
 0.7372523
 0.73701715
 0.73678213
 0.7365471
 0.73631203
 0.7360769
 0.7358419
 0.7356068
 0.7353717
 0.7351366
 0.73490155
 0.7346665
 0.73443145
 0.73419636
 0.73396134
 0.73372626
 0.7334912
 0.7332561
 0.733021
 0.73278594
 0.73255086
 0.7323158
 0.73208076
 0.73184574
 0.7316106
 0.7313756
 0.7311405
 0.7309054
 0.73067033
 0.73043525
 0.73020023
 0.7299651
 0.72973
 0.729495
 0.7292599
 0.7290248
 0.72878975
 0.7285547
 0.72831964
 0.72808456
 0.7278495
 0.7276144
 0.7273793
 0.72714424
 0.72690916
 0.72667414
 0.726439
 0.726204
 0.7259689
 0.7257338
 0.7254988
 0.72526366
 0.72502863
 0.72479355
 0.7245585
 0.7243234
 0.7240884
 0.72385323
 0.72361815
 0.7233831
 0.72314805
 0.72291297
 0.7226779
 0.7224428
 0.7222078
 0.7219727
 0.7217376
 0.72150254
 0.72126746
 0.7210324
 0.72079736
 0.7205623
 0.72032726
 0.7200922
 0.7198571
 0.719622
 0.71938694
 0.71915185
 0.7189168
 0.7186817
 0.7184466
 0.7182116
 0.7179765
 0.7177415
 0.7175064
 0.7172713
 0.71703625
 0.71680117
 0.7165661
 0.716331
 0.716096
 0.7158609
 0.7156258
 0.7166196
 0.7176134
 0.7186072
 0.719601
 0.72059476
 0.7215886
 0.72258234
 0.7235762
 0.7245699
 0.7255637
 0.7265575
 0.72755134
 0.72854507
 0.7295389
 0.73053265
 0.7315265
 0.7325202
 0.7335141
 0.7345078
 0.73550165
 0.73649544
 0.73748916
 0.73848295
 0.7394768
 0.7404706
 0.7414644
 0.74245816
 0.74345195
 0.74444574
 0.7454395
 0.7464333
 0.7474271
 0.7484209
 0.7494147
 0.7504085
 0.75140226
 0.7523961
 0.75338984
 0.7543837
 0.7553775
 0.7563712
 0.757365
 0.75835884
 0.75935256
 0.76034635
 0.76134014
 0.762334
 0.7633277
 0.76432157
 0.7653153
 0.76630914
 0.76730293
 0.7682967
 0.76929045
 0.7702843
 0.771278
 0.7722719
 0.7732656
 0.77425945
 0.77525324
 0.776247
 0.7772408
 0.7782346
 0.7792284
 0.7802222
 0.78121597
 0.78220975
 0.78320354
 0.78419733
 0.78519106
 0.7861849
 0.7871787
 0.7881725
 0.7891663
 0.79016006
 0.79115385
 0.79214764
 0.7931414
 0.7941352
 0.795129
 0.7961228
 0.7971166
 0.79811037
 0.79910415
 0.80009794
 0.80109173
 0.8020855
 0.8030793
 0.8040731
 0.8050668
 0.8060607
 0.80705446
 0.80804825
 0.80904204
 0.8100358
 0.8110296
 0.8120234
 0.8130172
 0.814011
 0.8150048
 0.81599855
 0.81699234
 0.81798613
 0.8189799
 0.8199737
 0.8209675
 0.8219613
 0.82295513
 0.82394886
 0.8249427
 0.82593644
 0.8269303
 0.827924
 0.82891786
 0.8299116
 0.8309054
 0.8318992
 0.832893
 0.8338868
 0.8348806
 0.8358744
 0.83686817
 0.8378619
 0.83885574
 0.83984953
 0.8408433
 0.8418371
 0.8428309
 0.8438247
 0.8448185
 0.84581226
 0.84680605
 0.8477998
 0.8487936
 0.8497874
 0.8507812
 0.851775
 0.8527688
 0.8537626
 0.85475636
 0.8557501
 0.85674393
 0.8577377
 0.8587315
 0.8597253
 0.8607191
 0.8617128
 0.86270666
 0.8637005
 0.86469424
 0.865688
 0.8666818
 0.8676756
 0.8686694
 0.8696631
 0.87065697
 0.87165076
 0.87264454
 0.87363833
 0.8746321
 0.8756259
 0.8766197
 0.87761354
 0.87860733
 0.87960106
 0.88059485
 0.88158864
 0.8825824
 0.8835763
 0.88457
 0.88556385
 0.8865576
 0.88755137
 0.88854516
 0.889539
 0.89053273
 0.8915266
 0.89252037
 0.89351416
 0.8945079
 0.89550173
 0.89649546
 0.8974893
 0.8984831
 0.8994769
 0.9004707
 0.90146446
 0.9024582
 0.90345204
 0.9044458
 0.9054396
 0.9064334
 0.9074272
 0.908421
 0.90941477
 0.91040856
 0.91140234
 0.91239613
 0.9133899
 0.91438377
 0.9153775
 0.9163713
 0.9173651
 0.91835886
 0.91935265
 0.9203465
 0.9213402
 0.9223341
 0.9233278
 0.9243216
 0.92531544
 0.9263092
 0.92730296
 0.9282968
 0.92929053
 0.9302843
 0.93127817
 0.93227196
 0.93326575
 0.93425953
 0.93525326
 0.9362471
 0.9372409
 0.9382347
 0.9392285
 0.94022226
 0.94121605
 0.94220984
 0.9432036
 0.9441974
 0.94519126
 0.946185
 0.9471788
 0.94817257
 0.9491664
 0.95016015
 0.951154
 0.9521477
 0.95314157
 0.9541353
 0.95512915
 0.9561229
 0.9571167
 0.95811045
 0.9591043
 0.9600981
 0.9610919
 0.9620856
 0.9630794
 0.96407324
 0.965067
 0.9660608
 0.9670546
 0.9680484
 0.9690422
 0.970036
 0.96985656
 0.96967715
 0.9694977
 0.9693183
 0.96913886
 0.96895945
 0.96878004
 0.96860063
 0.9684212
 0.9682418
 0.9680624
 0.96788293
 0.9677035
 0.9675241
 0.9673447
 0.96716523
 0.9669858
 0.9668064
 0.966627
 0.9664476
 0.9662682
 0.9660887
 0.9659093
 0.96572995
 0.96555054
 0.9653711
 0.96519166
 0.96501225
 0.96483284
 0.9646534
 0.96447396
 0.96429455
 0.96411514
 0.96393573
 0.9637563
 0.9635769
 0.9633975
 0.9632181
 0.9630387
 0.9628593
 0.96267974
 0.96250033
 0.9623209
 0.9621415
 0.9619621
 0.9617827
 0.9616033
 0.9614239
 0.96124446
 0.96106505
 0.96088564
 0.96070623
 0.9605268
 0.9603474
 0.960168
 0.9599885
 0.95980906
 0.95962965
 0.95945024
 0.95927083
 0.9590914
 0.958912
 0.9587326
 0.9585532
 0.9583738
 0.9581944
 0.95801497
 0.9578355
 0.9576561
 0.9574767
 0.95729727
 0.9571178
 0.9569385
 0.95675904
 0.9565796
 0.9564002
 0.95622075
 0.95604134
 0.9558619
 0.9556825
 0.9555031
 0.9553237
 0.9551442
 0.9549648
 0.95478547
 0.95460606
 0.95442665
 0.95424724
 0.9540677
 0.9538883
 0.95370895
 0.95352954
 0.9533501
 0.95317066
 0.95299125
 0.95281184
 0.9526324
 0.95245296
 0.9522736
 0.9520942
 0.9519148
 0.9517353
 0.9515559
 0.95137656
 0.9511971
 0.9510177
 0.9508382
 0.9506588
 0.9504794
 0.9503
 0.95012057
 0.94994116
 0.94976175
 0.94958234
 0.9494029
 0.9492235
 0.94904405
 0.94886464
 0.9486853
 0.94850576
 0.9483264
 0.948147
 0.9479676
 0.9477881
 0.9476087
 0.94742936
 0.9472499
 0.9470705
 0.94689107
 0.94671166
 0.94653225
 0.9463528
 0.9461734
 0.94599396
 0.9458145
 0.9456351
 0.9454557
 0.94527626
 0.94509685
 0.94491744
 0.94473803
 0.94455856
 0.9443792
 0.94419974
 0.9440204
 0.94384086
 0.94366145
 0.94348204
 0.94330263
 0.9431232
 0.94294375
 0.9427644
 0.942585
 0.9424055
 0.94222605
 0.9420467
 0.9418673
 0.9416878
 0.9415084
 0.941329
 0.94114953
 0.9409702
 0.9407908
 0.94061136
 0.9404319
 0.94025254
 0.94007313
 0.93989366
 0.9397142
 0.93953484
 0.9393555
 0.939176
 0.93899655
 0.93881714
 0.9386378
 0.9384583
 0.9382789
 0.9380995
 0.9379201
 0.9377407
 0.9375613
 0.93738186
 0.93720245
 0.93702304
 0.93684363
 0.9366642
 0.9364848
 0.93630534
 0.936126
 0.9359465
 0.9357672
 0.9355877
 0.9354083
 0.9352289
 0.9350495
 0.93487
 0.9346906
 0.93451124
 0.9343318
 0.93415236
 0.93397295
 0.93379354
 0.93361413
 0.9334347
 0.9332553
 0.93307585
 0.93289644
 0.932717
 0.9325376
 0.93235815
 0.93217874
 0.9319994
 0.9318199
 0.9316405
 0.9314611
 0.9312817
 0.9311023
 0.93092287
 0.93074346
 0.93056405
 0.9303846
 0.93020517
 0.93002576
 0.92984635
 0.92966694
 0.92948747
 0.92930806
 0.92912865
 0.92894924
 0.9287698
 0.9285904
 0.928411
 0.92823154
 0.9280521
 0.9278728
 0.92769337
 0.92751384
 0.9273345
 0.9271551
 0.9269756
 0.9267962
 0.9266168
 0.9264374
 0.92625797
 0.92607856
 0.92589915
 0.92571974
 0.92554027
 0.92536086
 0.92518145
 0.925002
 0.9248226
 0.9246432
 0.9244638
 0.92428434
 0.9241049
 0.9213268
 0.9185487
 0.91577053
 0.9129924
 0.91021425
 0.90743613
 0.904658
 0.9018799
 0.89910173
 0.8963237
 0.8935455
 0.89076734
 0.8879892
 0.8852111
 0.88243294
 0.8796549
 0.8768767
 0.8740986
 0.8713205
 0.8685423
 0.86576426
 0.8629861
 0.8602079
 0.8574298
 0.8546517
 0.8518736
 0.84909546
 0.8463173
 0.8435391
 0.840761
 0.8379829
 0.8352048
 0.83242667
 0.8296485
 0.8268704
 0.82409227
 0.82131416
 0.818536
 0.8157579
 0.8129797
 0.8102016
 0.8074235
 0.80464536
 0.80186725
 0.7990891
 0.7963109
 0.79353285
 0.7907547
 0.7879765
 0.78519845
 0.7824203
 0.7796421
 0.77686405
 0.7740859
 0.7713077
 0.76852965
 0.7657515
 0.76297337
 0.7601952
 0.7574171
 0.7546389
 0.75186086
 0.7490827
 0.7463046
 0.7435264
 0.7407483
 0.7379702
 0.73519206
 0.7324139
 0.7296358
 0.72685766
 0.72407955
 0.7213014
 0.71852326
 0.7157451
 0.712967
 0.71018887
 0.7074107
 0.70463264
 0.70185447
 0.6990763
 0.69629824
 0.69352007
 0.69074196
 0.68796384
 0.6851857
 0.68240756
 0.6796294
 0.6768513
 0.67407316
 0.67129505
 0.6685169
 0.66573876
 0.66296065
 0.66018254
 0.65740436
 0.65462625
 0.65184814
 0.64906996
 0.64629185
 0.64351374
 0.6407356
 0.63795745
 0.6351793
 0.6324012
 0.62962306
 0.62684494
 0.6240668
 0.62128866
 0.61851054
 0.61573243
 0.61295426
 0.6101762
 0.60739803
 0.6046199
 0.6018418
 0.59906363
 0.5962855
 0.5935074
 0.59072924
 0.5879511
 0.585173
 0.5823949
 0.5796167
 0.5768386
 0.57406044
 0.5712823
 0.5685042
 0.5657261
 0.5629479
 0.5601698
 0.55739164
 0.5546136
 0.5518354
 0.5490573
 0.5462792
 0.543501
 0.5407229
 0.5379448
 0.5351666
 0.5323885
 0.5296104
 0.5268322
 0.5240541
 0.521276
 0.5184978
 0.5157197
 0.5129416
 0.5101634
 0.5073854
 0.5046072
 0.501829
 0.49905092
 0.49627277
 0.4934947
 0.49071652
 0.4879384
 0.4851603
 0.48238215
 0.479604
 0.4768259
 0.47404775
 0.4712696
 0.4684915
 0.46571335
 0.4629352
 0.4601571
 0.45737895
 0.45460084
 0.4518227
 0.44904456
 0.44626644
 0.4434883
 0.44071016
 0.43793204
 0.4351539
 0.4323758
 0.42959768
 0.4268195
 0.4240414
 0.42126328
 0.4184851
 0.415707
 0.41292888
 0.41015074
 0.4073726
 0.40459448
 0.40181634
 0.39903823
 0.39626008
 0.39348194
 0.39070383
 0.38792568
 0.38514757
 0.38236943
 0.3795913
 0.37681317
 0.37403503
 0.3712569
 0.36847878
 0.36570066
 0.3629225
 0.3601444
 0.35736626
 0.35458812
 0.35181
 0.34903187
 0.34625375
 0.3434756
 0.34069747
 0.33791935
 0.3351412
 0.33236307
 0.32958496
 0.32680684
 0.3240287
 0.32125056
 0.31847245
 0.3156943
 0.3129162
 0.31013805
 0.3073599
 0.3045818
 0.30180365
 0.2990255
 0.2962474
 0.29346925
 0.29069114
 0.287913
 0.28513485
 0.28235674
 0.2795786
 0.27680048
 0.27402234
 0.27124423
 0.26846606
 0.26568794
 0.2629098
 0.2601317
 0.25735354
 0.25457543
 0.2517973
 0.24901915
 0.24624103
 0.24346289
 0.24068476
 0.23790663
 0.2351285
 0.23235038
 0.22957225
 0.2267941
 0.22401598
 0.22123784
 0.21845971
 0.21568158
 0.21290345
 0.21489017
 0.21687688
 0.21886359
 0.2208503
 0.22283702
 0.22482374
 0.22681046
 0.22879717
 0.23078388
 0.23277059
 0.2347573
 0.23674403
 0.23873074
 0.24071747
 0.24270418
 0.2446909
 0.2466776
 0.24866432
 0.25065103
 0.25263774
 0.25462446
 0.25661117
 0.25859788
 0.26058462
 0.26257133
 0.26455805
 0.26654476
 0.26853147
 0.27051815
 0.2725049
 0.27449158
 0.27647832
 0.27846503
 0.28045174
 0.28243846
 0.2844252
 0.2864119
 0.28839862
 0.29038534
 0.29237205
 0.29435873
 0.29634547
 0.29833218
 0.3003189
 0.3023056
 0.30429232
 0.30627906
 0.30826575
 0.3102525
 0.31223917
 0.3142259
 0.31621262
 0.31819934
 0.32018605
 0.32217276
 0.32415947
 0.32614622
 0.3281329
 0.33011964
 0.33210635
 0.33409306
 0.33607978
 0.3380665
 0.3400532
 0.3420399
 0.34402663
 0.34601334
 0.34800008
 0.3499868
 0.35197347
 0.35396022
 0.35594693
 0.35793364
 0.35992035
 0.36190706
 0.36389378
 0.3658805
 0.3678672
 0.3698539
 0.37184066
 0.37382734
 0.37581408
 0.37780076
 0.3797875
 0.38177422
 0.38376093
 0.38574767
 0.38773435
 0.3897211
 0.3917078
 0.3936945
 0.3956812
 0.39766794
 0.39965466
 0.40164137
 0.40362808
 0.4056148
 0.40760154
 0.40958822
 0.41157493
 0.41356164
 0.41554838
 0.4175351
 0.4195218
 0.42150855
 0.42349523
 0.42548195
 0.42746866
 0.42945537
 0.43144208
 0.4334288
 0.4354155
 0.43740225
 0.43938896
 0.44137567
 0.44336236
 0.4453491
 0.4473358
 0.44932252
 0.45130926
 0.45329595
 0.45528266
 0.45726937
 0.4592561
 0.46124282
 0.4632295
 0.46521625
 0.46720296
 0.46918967
 0.4711764
 0.47316313
 0.47514984
 0.47713655
 0.47912323
 0.48110998
 0.48309672
 0.4850834
 0.48707014
 0.48905683
 0.49104354
 0.49303025
 0.495017
 0.4970037
 0.49899042
 0.50097716
 0.50296384
 0.5049506
 0.50693727
 0.508924
 0.51091075
 0.51289743
 0.5148841
 0.51687086
 0.5188576
 0.5208443
 0.522831
 0.5248177
 0.52680445
 0.5287912
 0.5307779
 0.5327646
 0.5347513
 0.53673804
 0.5387247
 0.5407114
 0.54269814
 0.5446849
 0.54667157
 0.5486583
 0.550645
 0.55263174
 0.5546185
 0.55660516
 0.55859184
 0.5605786
 0.5625653
 0.564552
 0.5665387
 0.56852543
 0.5705122
 0.57249886
 0.5744856
 0.5764723
 0.578459
 0.5804457
 0.58243245
 0.58441913
 0.5864059
 0.58839256
 0.5903793
 0.592366
 0.5943527
 0.59633946
 0.59832615
 0.6003129
 0.6022996
 0.6042863
 0.606273
 0.60825974
 0.6102464
 0.61223316
 0.6142199
 0.6162066
 0.6181933
 0.62018
 0.62216675
 0.6241535
 0.6261402
 0.62812686
 0.6301136
 0.63210034
 0.634087
 0.63607377
 0.63806045
 0.6400472
 0.64203393
 0.6440206
 0.64600736
 0.64799404
 0.6499808
 0.65196747
 0.6539542
 0.6559409
 0.65792763
 0.6599143
 0.66190106
 0.66388774
 0.6658745
 0.6678612
 0.66984797
 0.67183465
 0.67382133
 0.6758081
 0.6777948
 0.6797815
 0.6817682
 0.6837549
 0.68574166
 0.68772835
 0.689715
 0.69170177
 0.6936885
 0.69567525
 0.69766194
 0.6996486
 0.70163536
 0.70362204
 0.7056087
 0.70759547
 0.70958215
 0.71156895
 0.71355563
 0.7155424
 0.71752906
 0.7195158
 0.7215025
 0.7209692
 0.72043586
 0.7199025
 0.71936923
 0.71883595
 0.71830255
 0.71776927
 0.7172359
 0.7167026
 0.7161693
 0.715636
 0.7151027
 0.71456933
 0.714036
 0.7135027
 0.7129694
 0.7124361
 0.71190274
 0.7113694
 0.7108361
 0.7103028
 0.7097695
 0.70923615
 0.70870286
 0.7081696
 0.70763624
 0.7071029
 0.70656955
 0.70603627
 0.7055029
 0.7049696
 0.7044363
 0.70390296
 0.7033697
 0.7028364
 0.702303
 0.70176965
 0.70123637
 0.7007031
 0.70016974
 0.69963634
 0.6991031
 0.6985698
 0.69803643
 0.6975031
 0.6969698
 0.69643646
 0.6959032
 0.69536984
 0.6948365
 0.69430315
 0.6937699
 0.69323653
 0.69270325
 0.6921699
 0.69163656
 0.6911032
 0.69056994
 0.69003665
 0.6895033
 0.68896997
 0.6884366
 0.6879033
 0.68737
 0.68683666
 0.6863034
 0.68577003
 0.68523675
 0.6847034
 0.6841701
 0.6836368
 0.68310344
 0.68257016
 0.6820368
 0.6815035
 0.6809702
 0.68043685
 0.6799035
 0.6793703
 0.67883694
 0.6783036
 0.67777026
 0.677237
 0.67670363
 0.6761703
 0.675637
 0.67510366
 0.6745704
 0.67403704
 0.6735037
 0.6729704
 0.6724371
 0.6719037
 0.6713705
 0.67083716
 0.6703038
 0.66977054
 0.6692372
 0.66870385
 0.6681706
 0.6676372
 0.6671039
 0.66657054
 0.66603726
 0.665504
 0.66497064
 0.6644373
 0.66390395
 0.66337067
 0.6628374
 0.66230404
 0.6617707
 0.66123736
 0.660704
 0.66017073
 0.65963745
 0.6591041
 0.65857077
 0.6580375
 0.65750414
 0.65697086
 0.6564375
 0.6559042
 0.6553709
 0.65483755
 0.65430427
 0.65377086
 0.6532376
 0.65270424
 0.65217096
 0.6516376
 0.65110433
 0.650571
 0.65003765
 0.64950436
 0.648971
 0.64843774
 0.6479044
 0.64737105
 0.6468377
 0.6463044
 0.6457711
 0.6452378
 0.64470446
 0.6441711
 0.64363784
 0.6431045
 0.6425712
 0.64203787
 0.6415045
 0.6409712
 0.6404379
 0.6399046
 0.6393713
 0.63883793
 0.6383046
 0.6377713
 0.63723797
 0.6367047
 0.63617134
 0.635638
 0.6351047
 0.6345714
 0.6340381
 0.63350475
 0.6329714
 0.6324381
 0.6319048
 0.6313715
 0.63083816
 0.6303048
 0.62977153
 0.62923825
 0.6287049
 0.62817156
 0.6276382
 0.62710494
 0.62657166
 0.6260383
 0.625505
 0.6249716
 0.62443835
 0.62390506
 0.6233717
 0.6228384
 0.6223051
 0.62177175
 0.6212384
 0.6207051
 0.6201718
 0.6196385
 0.61910516
 0.6185719
 0.61803854
 0.6175052
 0.61697185
 0.61643857
 0.6159053
 0.6153719
 0.6148386
 0.61430526
 0.6137719
 0.61323863
 0.6127053
 0.61217195
 0.61163867
 0.6111053
 0.610572
 0.6100387
 0.60950536
 0.6089721
 0.60843873
 0.6079054
 0.60737205
 0.60683876
 0.6063054
 0.60577214
 0.6052388
 0.60470545
 0.60417217
 0.6036388
 0.6031055
 0.60257214
 0.60203886
 0.6015055
 0.6009722
 0.60043895
 0.5999056
 0.59937227
 0.5988389
 0.59830564
 0.5977723
 0.597239
 0.5967057
 0.5961724
 0.59563905
 0.5951057
 0.5945724
 0.5940391
 0.59350574
 0.5929724
 0.5924392
 0.59190583
 0.5913725
 0.5908392
 0.59030586
 0.5897725
 0.58923924
 0.5887059
 0.58817255
 0.5876393
 0.58710593
 0.58657265
 0.5860393
 0.585506
 0.5849727
 0.5834235
 0.5818744
 0.5803252
 0.578776
 0.5772268
 0.57567763
 0.5741285
 0.5725793
 0.57103014
 0.56948096
 0.5679318
 0.56638265
 0.56483346
 0.5632843
 0.5617351
 0.5601859
 0.5586368
 0.5570876
 0.5555384
 0.5539893
 0.5524401
 0.5508909
 0.54934174
 0.54779255
 0.5462434
 0.54469424
 0.54314506
 0.5415959
 0.5400467
 0.5384975
 0.5369484
 0.5353992
 0.5338501
 0.53230083
 0.5307517
 0.5292025
 0.52765334
 0.5261042
 0.524555
 0.52300584
 0.52145666
 0.5199075
 0.51835835
 0.51680917
 0.51526
 0.51371086
 0.5121617
 0.5106125
 0.5090633
 0.5075141
 0.505965
 0.50441575
 0.5028666
 0.50131744
 0.4997683
 0.4982191
 0.49666992
 0.49512076
 0.4935716
 0.49202242
 0.49047324
 0.4889241
 0.48737493
 0.48582575
 0.4842766
 0.4827274
 0.48117822
 0.47962907
 0.4780799
 0.47653073
 0.47498155
 0.47343236
 0.4718832
 0.47033405
 0.46878487
 0.46723568
 0.4656865
 0.46413735
 0.4625882
 0.461039
 0.45948982
 0.45794067
 0.45639148
 0.45484233
 0.45329314
 0.45174396
 0.4501948
 0.44864565
 0.44709647
 0.44554728
 0.44399813
 0.44244894
 0.4408998
 0.4393506
 0.43780142
 0.43625227
 0.43470308
 0.43315393
 0.43160474
 0.43005556
 0.42850643
 0.42695725
 0.42540807
 0.4238589
 0.42230973
 0.42076054
 0.4192114
 0.4176622
 0.41611302
 0.4145639
 0.4130147
 0.41146553
 0.40991637
 0.4083672
 0.40681803
 0.40526885
 0.4037197
 0.40217054
 0.40062135
 0.39907217
 0.397523
 0.39597383
 0.39442465
 0.39287552
 0.39132634
 0.38977715
 0.388228
 0.3866788
 0.38512966
 0.38358048
 0.38203132
 0.38048214
 0.37893295
 0.37738377
 0.3758346
 0.37428546
 0.37273628
 0.3711871
 0.36963794
 0.36808878
 0.3665396
 0.3649904
 0.36344123
 0.36189207
 0.36034292
 0.35879374
 0.35724455
 0.35569537
 0.35414624
 0.35259706
 0.35104787
 0.34949872
 0.34794953
 0.34640038
 0.3448512
 0.343302
 0.34175283
 0.34020367
 0.3386545
 0.33710533
 0.33555615
 0.334007
 0.3324578
 0.33090866
 0.32935947
 0.32781032
 0.32626113
 0.32471198
 0.3231628
 0.3216136
 0.32006446
 0.31851527
 0.31696612
 0.31541693
 0.31386775
 0.3123186
 0.31076944
 0.30922025
 0.30767107
 0.30612192
 0.30457273
 0.30302358
 0.3014744
 0.2999252
 0.29837605
 0.2968269
 0.2952777
 0.29372853
 0.29217938
 0.2906302
 0.28908104
 0.28753185
 0.28598267
 0.2844335
 0.28288433
 0.28133518
 0.279786
 0.27823684
 0.27668765
 0.2751385
 0.2735893
 0.27204016
 0.27049097
 0.26894182
 0.26739264
 0.26584345
 0.2642943
 0.26274514
 0.26119596
 0.25964677
 0.25809762
 0.25654846
 0.25499928
 0.2534501
 0.25190094
 0.25035176
 0.24880259
 0.24725342
 0.24570425
 0.24415508
 0.24260591
 0.24105674
 0.23950757
 0.2379584
 0.23640923
 0.23486006
 0.23331088
 0.23176171
 0.23021254
 0.22866337
 0.2271142
 0.22556503
 0.22401586
 0.2224667
 0.22091752
 0.21936835
 0.21781918
 0.21627001
 0.21472085
 0.21317166
 0.2116225
 0.21007332
 0.20852415
 0.20697498
 0.20542581
 0.20387664
 0.20232746
 0.2007783
 0.19922912
 0.19767997
 0.1961308
 0.19458163
 0.19303244
 0.19148327
 0.1899341
 0.18838494
 0.18830065
 0.18821637
 0.18813209
 0.18804783
 0.18796356
 0.18787928
 0.187795
 0.18771072
 0.18762644
 0.18754217
 0.18745789
 0.18737361
 0.18728933
 0.18720506
 0.1871208
 0.18703651
 0.18695223
 0.18686795
 0.18678367
 0.18669939
 0.18661512
 0.18653086
 0.18644658
 0.1863623
 0.18627802
 0.18619373
 0.18610945
 0.18602519
 0.18594092
 0.18585664
 0.18577236
 0.18568808
 0.1856038
 0.18551953
 0.18543525
 0.18535098
 0.18526669
 0.18518241
 0.18509814
 0.18501386
 0.18492958
 0.18484531
 0.18476102
 0.18467675
 0.18459249
 0.18450819
 0.18442392
 0.18433964
 0.18425536
 0.1841711
 0.1840868
 0.18400253
 0.18391827
 0.18383397
 0.1837497
 0.18366542
 0.18358114
 0.18349688
 0.1834126
 0.1833283
 0.18324403
 0.18315975
 0.18307549
 0.1829912
 0.18290694
 0.18282264
 0.18273838
 0.1826541
 0.18256982
 0.18248555
 0.18240127
 0.18231699
 0.18223272
 0.18214843
 0.18206416
 0.1819799
 0.18189561
 0.18181133
 0.18172705
 0.18164277
 0.18155849
 0.18147422
 0.18138996
 0.18130568
 0.1812214
 0.18113711
 0.18105283
 0.18096857
 0.18088427
 0.1808
 0.18071574
 0.18063146
 0.18054718
 0.18046291
 0.18037862
 0.18029435
 0.18021007
 0.1801258
 0.18004152
 0.17995724
 0.17987297
 0.17978868
 0.1797044
 0.17962015
 0.17953587
 0.17945158
 0.1793673
 0.17928302
 0.17919874
 0.17911448
 0.1790302
 0.17894593
 0.17886165
 0.17877737
 0.17869309
 0.17860882
 0.17852454
 0.17844026
 0.17835599
 0.1782717
 0.17818743
 0.17810315
 0.17801887
 0.1779346
 0.17785032
 0.17776604
 0.17768177
 0.1775975
 0.17751321
 0.17742893
 0.17734465
 0.17726038
 0.1771761
 0.17709182
 0.17700754
 0.17692327
 0.17683901
 0.17675471
 0.17667043
 0.17658617
 0.1765019
 0.17641762
 0.17633334
 0.17624906
 0.17616478
 0.1760805
 0.17599621
 0.17591195
 0.17582767
 0.1757434
 0.17565912
 0.17557484
 0.17549056
 0.17540628
 0.17532201
 0.17523773
 0.17515345
 0.17506918
 0.1749849
 0.17490062
 0.17481634
 0.17473207
 0.17464778
 0.17456351
 0.17447923
 0.17439497
 0.17431068
 0.1742264
 0.17414212
 0.17405786
 0.17397358
 0.17388931
 0.17380503
 0.17372075
 0.17363647
 0.17355219
 0.17346792
 0.17338364
 0.17329937
 0.17321509
 0.17313081
 0.17304653
 0.17296226
 0.17287797
 0.1727937
 0.17270942
 0.17262515
 0.17254087
 0.17245659
 0.17237231
 0.17228805
 0.17220376
 0.1721195
 0.1720352
 0.17195094
 0.17186666
 0.17178239
 0.1716981
 0.17161383
 0.17152955
 0.17144528
 0.171361
 0.17127672
 0.17119244
 0.17110816
 0.17102388
 0.17093961
 0.17085533
 0.17077105
 0.17068678
 0.1706025
 0.17051822
 0.17043394
 0.17034967
 0.17026539
 0.17018111
 0.17009683
 0.17001256
 0.16992827
 0.169844
 0.16975972
 0.16967545
 0.16959116
 0.1695069
 0.16942261
 0.16933835
 0.16925406
 0.16916978
 0.1690855
 0.16900124
 0.16891696
 0.16883267
 0.16874841
 0.16866413
 0.16857985
 0.16849557
 0.16841128
 0.16832702
 0.16824274
 0.16815847
 0.16807419
 0.16798991
 0.16790563
 0.16782135
 0.16773708
 0.1676528
 0.16756853
 0.16748425
 0.16739997
 0.16731569
 0.16723143
 0.16714714
 0.16706286
 0.16697858
 0.16689432
 0.16681004
 0.16846271
 0.17011538
 0.17176805
 0.17342073
 0.1750734
 0.17672607
 0.17837875
 0.18003142
 0.18168409
 0.18333676
 0.18498944
 0.18664211
 0.18829478
 0.18994746
 0.19160013
 0.1932528
 0.19490547
 0.19655815
 0.19821082
 0.1998635
 0.20151617
 0.20316884
 0.20482151
 0.20647418
 0.20812686
 0.20977953
 0.2114322
 0.21308488
 0.21473755
 0.21639022
 0.2180429
 0.21969557
 0.22134824
 0.22300091
 0.22465359
 0.22630626
 0.22795893
 0.2296116
 0.23126428
 0.23291695
 0.23456962
 0.2362223
 0.23787497
 0.23952764
 0.24118032
 0.24283299
 0.24448566
 0.24613833
 0.247791
 0.24944368
 0.25109637
 0.25274903
 0.25440168
 0.25605437
 0.25770706
 0.25935972
 0.26101238
 0.26266506
 0.26431775
 0.2659704
 0.26762307
 0.26927575
 0.27092844
 0.2725811
 0.27423376
 0.27588645
 0.27753913
 0.2791918
 0.28084445
 0.28249714
 0.28414983
 0.28580248
 0.28745514
 0.28910783
 0.29076052
 0.29241318
 0.29406583
 0.29571852
 0.2973712
 0.29902387
 0.30067652
 0.3023292
 0.3039819
 0.30563456
 0.30728722
 0.3089399
 0.3105926
 0.31224525
 0.3138979
 0.3155506
 0.31720328
 0.31885594
 0.3205086
 0.3221613
 0.32381397
 0.32546663
 0.32188892
 0.31831118
 0.31473348
 0.31115577
 0.30757806
 0.30400032
 0.30042258
 0.2968449
 0.29326716
 0.28968945
 0.2861117
 0.282534
 0.2789563
 0.27537858
 0.27180085
 0.26822314
 0.26464543
 0.2610677
 0.25748998
 0.25391227
 0.25033456
 0.24675682
 0.24317911
 0.23960139
 0.23602366
 0.23244596
 0.22886823
 0.2252905
 0.2217128
 0.21813507
 0.21455736
