 0.21305847
 0.21513729
 0.2172161
 0.21929492
 0.22137374
 0.22345257
 0.22553138
 0.2276102
 0.22968903
 0.23176785
 0.23384666
 0.23592548
 0.2380043
 0.24008313
 0.24216194
 0.24424076
 0.24631958
 0.2483984
 0.25047722
 0.25255606
 0.25463486
 0.2567137
 0.25879252
 0.26087132
 0.26295012
 0.26502895
 0.26710778
 0.26918662
 0.27126545
 0.27334425
 0.27542305
 0.27750188
 0.2795807
 0.2816595
 0.28373832
 0.28581715
 0.28789598
 0.2899748
 0.29205364
 0.29413244
 0.29621124
 0.29829007
 0.3003689
 0.30244774
 0.30452657
 0.30660537
 0.30868417
 0.310763
 0.31284183
 0.31492066
 0.3169995
 0.3190783
 0.3211571
 0.32323593
 0.32531476
 0.3273936
 0.3294724
 0.3315512
 0.33363003
 0.33570886
 0.3377877
 0.3398665
 0.3419453
 0.34402412
 0.34610295
 0.34818178
 0.35026062
 0.35233942
 0.35441822
 0.35649705
 0.35857588
 0.3606547
 0.36273354
 0.36481234
 0.36689115
 0.36896998
 0.3710488
 0.3731276
 0.3752064
 0.37728524
 0.37936407
 0.3814429
 0.38352174
 0.38560054
 0.38767934
 0.38975817
 0.391837
 0.39391583
 0.39599466
 0.39807346
 0.40015227
 0.4022311
 0.40430993
 0.40638876
 0.4084676
 0.4105464
 0.4126252
 0.41470402
 0.41678286
 0.4188617
 0.4209405
 0.4230193
 0.42509812
 0.42717695
 0.42925578
 0.4313346
 0.43341342
 0.43549222
 0.43757105
 0.43964988
 0.4417287
 0.44380754
 0.44588634
 0.44796515
 0.45004398
 0.45212278
 0.45420158
 0.4562804
 0.45835924
 0.46043807
 0.4625169
 0.4645957
 0.4666745
 0.46875334
 0.47083217
 0.472911
 0.47498983
 0.47706863
 0.47914743
 0.48122627
 0.4833051
 0.48538393
 0.48746276
 0.48954156
 0.49162036
 0.4936992
 0.49577802
 0.49785686
 0.49993566
 0.50201446
 0.5040933
 0.5061721
 0.50825095
 0.5103297
 0.51240855
 0.5144874
 0.5165662
 0.51864505
 0.5207238
 0.52280265
 0.5248815
 0.5269603
 0.52903914
 0.531118
 0.5331968
 0.5352756
 0.5373544
 0.53943324
 0.5415121
 0.5435909
 0.5456697
 0.5477485
 0.54982734
 0.55190617
 0.553985
 0.5560638
 0.5581426
 0.56022143
 0.56230026
 0.5643791
 0.5664579
 0.56853676
 0.5706156
 0.5726944
 0.5747732
 0.576852
 0.57893085
 0.5810096
 0.58308846
 0.5851673
 0.58724606
 0.5893249
 0.5914037
 0.59348255
 0.5955614
 0.5976402
 0.59971905
 0.6017979
 0.6038767
 0.6059555
 0.6080343
 0.61011314
 0.6121919
 0.61427075
 0.6163496
 0.6184284
 0.62050724
 0.622586
 0.6246649
 0.62674373
 0.62882257
 0.63090134
 0.63298017
 0.635059
 0.6371378
 0.6392166
 0.64129543
 0.64337426
 0.6454531
 0.64753187
 0.6496107
 0.6516895
 0.65376836
 0.6558472
 0.657926
 0.66000485
 0.6620836
 0.66416246
 0.6662413
 0.66832006
 0.6703989
 0.6724777
 0.67455655
 0.6766354
 0.6787142
 0.68079305
 0.6828718
 0.68495065
 0.6870295
 0.6891083
 0.69118714
 0.6932659
 0.69534475
 0.6974236
 0.69950235
 0.7015812
 0.70366
 0.7057389
 0.7078177
 0.7098965
 0.71197534
 0.71405417
 0.716133
 0.71821177
 0.7202906
 0.72236943
 0.7244482
 0.72652704
 0.72860587
 0.73068476
 0.7327635
 0.73484236
 0.7369212
 0.739
 0.74107885
 0.7431576
 0.7424017
 0.74164575
 0.74088985
 0.74013394
 0.739378
 0.73862207
 0.73786616
 0.7371102
 0.73635423
 0.7355983
 0.7348424
 0.7340865
 0.7333306
 0.73257464
 0.73181874
 0.7310628
 0.73030686
 0.72955096
 0.72879505
 0.7280391
 0.7272831
 0.7265272
 0.7257713
 0.7250154
 0.7242595
 0.72350353
 0.7227476
 0.7219917
 0.72123575
 0.72047985
 0.71972394
 0.71896803
 0.71821207
 0.7174561
 0.7167002
 0.7159443
 0.7151884
 0.7144324
 0.71367645
 0.71292055
 0.71216464
 0.71140873
 0.7106528
 0.70989686
 0.7091409
 0.708385
 0.7076291
 0.7068731
 0.7061172
 0.7053613
 0.70460534
 0.70384943
 0.7030935
 0.7023376
 0.7015817
 0.70082575
 0.7000698
 0.6993139
 0.698558
 0.697802
 0.69704604
 0.69629014
 0.6955342
 0.6947783
 0.6940224
 0.6932665
 0.6925106
 0.69175464
 0.6909987
 0.69024277
 0.68948686
 0.6887309
 0.68797493
 0.687219
 0.6864631
 0.6857072
 0.6849513
 0.68419534
 0.68343943
 0.6826835
 0.68192756
 0.68117166
 0.68041575
 0.6796598
 0.6789039
 0.678148
 0.677392
 0.6766361
 0.6758802
 0.6751242
 0.67436826
 0.67361236
 0.67285645
 0.67210054
 0.67134464
 0.6705887
 0.6698327
 0.6690768
 0.6683209
 0.667565
 0.6668091
 0.6660531
 0.66529715
 0.66454124
 0.66378534
 0.6630294
 0.66227347
 0.66151756
 0.6607616
 0.6600057
 0.6592498
 0.6584938
 0.6577379
 0.656982
 0.65622604
 0.65547013
 0.6547142
 0.6539583
 0.65320235
 0.6524464
 0.6516905
 0.6509346
 0.6501787
 0.64942276
 0.6486668
 0.64791083
 0.6471549
 0.646399
 0.6456431
 0.6448872
 0.64413124
 0.6433753
 0.6426194
 0.64186347
 0.64110756
 0.64035165
 0.6395957
 0.6388397
 0.6380838
 0.6373279
 0.636572
 0.6358161
 0.6350602
 0.6343042
 0.63354826
 0.63279235
 0.63203645
 0.6312805
 0.6305245
 0.6297686
 0.6290127
 0.6282568
 0.6275009
 0.6267449
 0.62598896
 0.62523305
 0.62447715
 0.62372124
 0.62296534
 0.62220937
 0.6214534
 0.6206975
 0.6199416
 0.6191857
 0.6184298
 0.6176738
 0.61691785
 0.61616194
 0.61540604
 0.61465013
 0.6138942
 0.61313826
 0.6123823
 0.6116264
 0.6108705
 0.6101145
 0.60935855
 0.60860264
 0.60784674
 0.60709083
 0.6063349
 0.60557896
 0.604823
 0.6040671
 0.6033112
 0.6025553
 0.60179937
 0.6010434
 0.6002875
 0.5995316
 0.5987756
 0.5980197
 0.5972638
 0.59650785
 0.59575194
 0.59499604
 0.59424007
 0.59348416
 0.59272826
 0.59197235
 0.59121644
 0.5904605
 0.5897045
 0.5889486
 0.5881927
 0.5874368
 0.5866809
 0.5859249
 0.58516896
 0.58441305
 0.58365715
 0.5829012
 0.5821452
 0.5813893
 0.5806334
 0.5798775
 0.5791216
 0.5783656
 0.57760966
 0.57685375
 0.57609785
 0.57534194
 0.57458603
 0.57383007
 0.5730741
 0.5723182
 0.5715623
 0.5708064
 0.5700505
 0.5692945
 0.56853855
 0.56778264
 0.56702673
 0.5662708
 0.5655149
 0.56475896
 0.564003
 0.5632471
 0.5624912
 0.5617352
 0.5609793
 0.5602234
 0.55946743
 0.5587115
 0.5579556
 0.5571997
 0.5564438
 0.55568784
 0.5549319
 0.554176
 0.55342007
 0.5526641
 0.5519082
 0.5511523
 0.5503963
 0.5496404
 0.5475539
 0.54546744
 0.543381
 0.54129446
 0.53920794
 0.5371215
 0.535035
 0.5329485
 0.530862
 0.5287755
 0.52668905
 0.52460253
 0.522516
 0.52042955
 0.5183431
 0.5162566
 0.51417005
 0.5120836
 0.5099971
 0.5079106
 0.5058241
 0.5037376
 0.50165117
 0.49956465
 0.49747816
 0.49539167
 0.49330518
 0.4912187
 0.4891322
 0.4870457
 0.48495921
 0.48287272
 0.48078623
 0.47869974
 0.47661325
 0.47452676
 0.47244027
 0.47035378
 0.4682673
 0.4661808
 0.4640943
 0.46200782
 0.45992133
 0.45783484
 0.45574835
 0.45366186
 0.4515754
 0.4494889
 0.44740242
 0.4453159
 0.4432294
 0.44114292
 0.43905643
 0.43696994
 0.43488345
 0.43279696
 0.43071046
 0.42862397
 0.42653748
 0.424451
 0.4223645
 0.420278
 0.41819152
 0.41610503
 0.41401854
 0.41193205
 0.40984556
 0.40775907
 0.40567258
 0.4035861
 0.4014996
 0.3994131
 0.39732662
 0.39524013
 0.39315364
 0.39106715
 0.38898066
 0.38689417
 0.38480768
 0.3827212
 0.38063473
 0.37854823
 0.37646174
 0.37437522
 0.37228873
 0.37020224
 0.36811575
 0.36602926
 0.36394277
 0.36185628
 0.3597698
 0.3576833
 0.3555968
 0.35351032
 0.35142383
 0.34933734
 0.34725085
 0.34516436
 0.34307787
 0.34099138
 0.3389049
 0.3368184
 0.3347319
 0.33264542
 0.33055893
 0.32847244
 0.32638595
 0.32429945
 0.32221296
 0.32012647
 0.31804
 0.31595352
 0.31386703
 0.31178054
 0.30969405
 0.30760753
 0.30552104
 0.30343455
 0.30134806
 0.29926157
 0.29717508
 0.2950886
 0.2930021
 0.2909156
 0.28882912
 0.28674263
 0.28465614
 0.28256965
 0.28048316
 0.27839667
 0.27631018
 0.2742237
 0.2721372
 0.2700507
 0.2679642
 0.26587772
 0.26379123
 0.26170474
 0.25961825
 0.25753176
 0.25544527
 0.25335878
 0.2512723
 0.2491858
 0.24709931
 0.24501282
 0.24292633
 0.24083984
 0.23875335
 0.23666686
 0.23458037
 0.23249389
 0.2304074
 0.22832091
 0.22623442
 0.22414793
 0.22206143
 0.21997494
 0.21788844
 0.21580195
 0.21371546
 0.21162897
 0.20954248
 0.207456
 0.2053695
 0.20328301
 0.20119652
 0.19911003
 0.19702354
 0.19493707
 0.19285057
 0.19076408
 0.18867758
 0.18659109
 0.1845046
 0.18241811
 0.18033162
 0.17824513
 0.17615864
 0.17407215
 0.17198566
 0.16989917
 0.16781268
 0.1657262
 0.16363971
 0.16155322
 0.15946673
 0.15738024
 0.15529373
 0.15320724
 0.15112075
 0.14903426
 0.14694777
 0.14486128
 0.14277479
 0.1406883
 0.13860181
 0.13651532
 0.13442883
 0.13234234
 0.13025585
 0.12816936
 0.12608287
 0.123996384
 0.121909894
 0.1198234
 0.11773691
 0.11565042
 0.11356393
 0.11147744
 0.109390944
 0.107304454
 0.10521796
 0.10313148
 0.10104499
 0.0989585
 0.09687201
 0.09478552
 0.09269903
 0.09061254
 0.08852605
 0.08643956
 0.08435307
 0.08226658
 0.080180086
 0.078093596
 0.076007105
 0.073920615
 0.071834125
 0.069747634
 0.067661144
 0.06557465
 0.06348816
 0.06140167
 0.059315182
 0.057228692
 0.0551422
 0.05305571
 0.05096922
 0.04888273
 0.04679624
 0.04470975
 0.04262326
 0.04053677
 0.03845028
 0.036363788
 0.034277298
 0.032190807
 0.030104317
 0.028017826
 0.025931336
 0.023844846
 0.021758355
 0.019671865
 0.017585374
 0.015498884
 0.018468825
 0.021438766
 0.024408707
 0.027378649
 0.030348588
 0.033318527
 0.03628847
 0.039258413
 0.042228352
 0.04519829
 0.048168235
 0.051138174
 0.054108113
 0.057078056
 0.060047995
 0.063017935
 0.06598788
 0.06895782
 0.071927756
 0.0748977
 0.07786764
 0.080837585
 0.08380753
 0.08677746
 0.0897474
 0.09271734
 0.095687285
 0.09865723
 0.10162717
 0.104597114
 0.10756706
 0.11053699
 0.11350693
 0.11647687
 0.119446814
 0.12241675
 0.12538669
 0.12835664
 0.13132659
 0.13429652
 0.13726646
 0.1402364
 0.14320633
 0.14617628
 0.14914623
 0.15211616
 0.1550861
 0.15805604
 0.16102597
 0.16399592
 0.16696587
 0.16993581
 0.17290574
 0.1758757
 0.17884564
 0.18181558
 0.18478552
 0.18775545
 0.19072539
 0.19369534
 0.19666527
 0.19963521
 0.20260516
 0.2055751
 0.20854503
 0.21151498
 0.21448493
 0.21745487
 0.2204248
 0.22339475
 0.22636469
 0.22933462
 0.23230457
 0.23527451
 0.23824444
 0.2412144
 0.24418433
 0.24715427
 0.25012422
 0.25309417
 0.25606412
 0.25903404
 0.26200396
 0.2649739
 0.26794386
 0.2709138
 0.27388376
 0.27685368
 0.2798236
 0.28279355
 0.2857635
 0.28873345
 0.2917034
 0.29467332
 0.29764324
 0.3006132
 0.30358315
 0.3065531
 0.30952305
 0.31249297
 0.3154629
 0.31843284
 0.3214028
 0.3243727
 0.32734266
 0.3303126
 0.33328256
 0.3362525
 0.33922243
 0.34219238
 0.34516233
 0.34813228
 0.35110223
 0.35407215
 0.35704207
 0.36001202
 0.36298198
 0.36595193
 0.36892188
 0.3718918
 0.37486172
 0.37783167
 0.38080162
 0.38377154
 0.3867415
 0.38971144
 0.39268136
 0.3956513
 0.39862126
 0.40159118
 0.40456113
 0.40753108
 0.410501
 0.41347095
 0.4164409
 0.41941082
 0.42238075
 0.4253507
 0.42832065
 0.4312906
 0.43426055
 0.4372305
 0.44020045
 0.44317037
 0.44614032
 0.44911027
 0.4520802
 0.45505014
 0.4580201
 0.46099
 0.46395996
 0.4669299
 0.46989983
 0.47286978
 0.47583973
 0.47880965
 0.48177958
 0.48474953
 0.48771948
 0.49068943
 0.49365938
 0.4966293
 0.49959925
 0.5025692
 0.5055391
 0.50850904
 0.511479
 0.51444894
 0.51741886
 0.52038884
 0.5233588
 0.52632874
 0.52929866
 0.5322686
 0.5352385
 0.5382085
 0.5411784
 0.5441483
 0.5471183
 0.5500882
 0.55305815
 0.5560281
 0.5589981
 0.561968
 0.56493795
 0.56790787
 0.5708778
 0.5738478
 0.5768177
 0.5797876
 0.5827576
 0.5857275
 0.58869743
 0.5916674
 0.5946374
 0.5976073
 0.60057724
 0.6035472
 0.60651714
 0.60948706
 0.61245704
 0.61542696
 0.6183969
 0.6213668
 0.6243367
 0.6273067
 0.6302766
 0.63324654
 0.6362165
 0.6391865
 0.6421564
 0.64512634
 0.6480963
 0.65106624
 0.65403616
 0.6570061
 0.659976
 0.662946
 0.6659159
 0.6688858
 0.6718558
 0.6748257
 0.6777957
 0.6807657
 0.6837356
 0.6867055
 0.68967545
 0.69264543
 0.69561535
 0.6985853
 0.70155525
 0.7045252
 0.7074951
 0.710465
 0.713435
 0.716405
 0.7193749
 0.7223448
 0.72531474
 0.7282847
 0.73125464
 0.73422456
 0.73719454
 0.74016446
 0.7431344
 0.7461043
 0.7490742
 0.7520442
 0.7550142
 0.7579841
 0.760954
 0.763924
 0.7668939
 0.76986384
 0.7728338
 0.77580374
 0.7755687
 0.77533364
 0.77509856
 0.7748635
 0.7746284
 0.7743934
 0.77415824
 0.77392316
 0.7736881
 0.77345306
 0.773218
 0.7729829
 0.7727479
 0.7725128
 0.7722777
 0.77204263
 0.77180755
 0.77157253
 0.77133745
 0.77110237
 0.7708673
 0.7706322
 0.7703971
 0.77016205
 0.769927
 0.76969194
 0.76945686
 0.7692218
 0.7689867
 0.7687517
 0.7685166
 0.7682815
 0.76804644
 0.76781136
 0.7675763
 0.7673412
 0.7671062
 0.7668711
 0.766636
 0.76640093
 0.76616585
 0.76593083
 0.76569575
 0.76546067
 0.76522565
 0.76499057
 0.7647555
 0.76452035
 0.7642853
 0.76405025
 0.76381516
 0.7635801
 0.763345
 0.76311
 0.7628749
 0.7626398
 0.7624048
 0.7621697
 0.76193464
 0.76169956
 0.7614645
 0.7612294
 0.7609943
 0.76075923
 0.76052415
 0.76028913
 0.76005405
 0.759819
 0.75958395
 0.75934887
 0.7591138
 0.7588787
 0.7586436
 0.7584086
 0.75817347
 0.7579384
 0.7577033
 0.7574683
 0.7572332
 0.7569981
 0.7567631
 0.756528
 0.75629294
 0.75605786
 0.7558228
 0.75558776
 0.7553526
 0.75511754
 0.75488245
 0.75464743
 0.7544124
 0.75417733
 0.75394225
 0.7537072
 0.7534721
 0.753237
 0.7530019
 0.75276685
 0.75253177
 0.75229675
 0.7520617
 0.75182664
 0.75159156
 0.7513565
 0.7511214
 0.7508863
 0.75065124
 0.75041616
 0.7501811
 0.74994606
 0.749711
 0.7494759
 0.7492409
 0.7490058
 0.7487707
 0.74853563
 0.74830055
 0.7480655
 0.7478304
 0.7475953
 0.7473602
 0.7471252
 0.7468902
 0.7466551
 0.74642
 0.74618495
 0.74594986
 0.7457148
 0.7454797
 0.7452446
 0.74500954
 0.74477446
 0.7445394
 0.74430436
 0.74406934
 0.74383426
 0.7435992
 0.7433641
 0.743129
 0.74289393
 0.74265885
 0.7424238
 0.7421887
 0.7419537
 0.7417186
 0.7414835
 0.7412485
 0.7410134
 0.7407783
 0.74054325
 0.74030817
 0.7400731
 0.739838
 0.7396029
 0.73936784
 0.7391328
 0.7388978
 0.7386627
 0.73842764
 0.73819256
 0.7379575
 0.7377224
 0.7374873
 0.73725224
 0.73701715
 0.7367821
 0.736547
 0.736312
 0.73607695
 0.7358419
 0.7356068
 0.7353717
 0.7351366
 0.73490155
 0.73466647
 0.7344314
 0.7341963
 0.7339613
 0.73372626
 0.7334912
 0.7332561
 0.733021
 0.73278594
 0.73255086
 0.7323158
 0.7320807
 0.7318456
 0.7316106
 0.7313755
 0.73114043
 0.7309054
 0.73067033
 0.73043525
 0.7302002
 0.7299651
 0.72973
 0.7294949
 0.72925985
 0.72902477
 0.72878975
 0.72855467
 0.7283196
 0.72808456
 0.7278495
 0.7276144
 0.7273793
 0.72714424
 0.72690916
 0.7266741
 0.726439
 0.7262039
 0.7259689
 0.7257338
 0.72549874
 0.7252637
 0.72502863
 0.72479355
 0.7245585
 0.7243234
 0.7240884
 0.72385323
 0.72361815
 0.72338307
 0.72314805
 0.72291297
 0.7226779
 0.72244287
 0.7222078
 0.7219727
 0.7217376
 0.72150254
 0.7212675
 0.72103244
 0.72079736
 0.72056234
 0.72032726
 0.7200922
 0.71985704
 0.719622
 0.71938694
 0.71915185
 0.7189168
 0.7186817
 0.7184467
 0.7182116
 0.7179765
 0.7177415
 0.7175064
 0.7172713
 0.7170362
 0.71680117
 0.7165661
 0.716331
 0.7160959
 0.71586084
 0.7156258
 0.7166196
 0.7176134
 0.7186072
 0.719601
 0.72059476
 0.72158855
 0.72258234
 0.7235761
 0.7245699
 0.7255637
 0.7265575
 0.7275513
 0.72854507
 0.72953886
 0.73053265
 0.73152643
 0.7325202
 0.733514
 0.7345078
 0.73550165
 0.7364954
 0.73748916
 0.73848295
 0.7394768
 0.7404705
 0.7414643
 0.7424581
 0.74345195
 0.7444457
 0.74543947
 0.74643326
 0.7474271
 0.7484209
 0.7494147
 0.7504085
 0.75140226
 0.75239605
 0.75338984
 0.7543836
 0.7553774
 0.7563712
 0.757365
 0.7583588
 0.75935256
 0.76034635
 0.76134014
 0.7623339
 0.7633277
 0.7643215
 0.7653153
 0.7663091
 0.7673029
 0.76829666
 0.76929045
 0.77028424
 0.771278
 0.7722718
 0.7732656
 0.77425945
 0.77525324
 0.776247
 0.77724075
 0.7782346
 0.7792284
 0.7802222
 0.7812159
 0.78220975
 0.78320354
 0.78419733
 0.78519106
 0.7861849
 0.7871787
 0.7881725
 0.7891662
 0.79016006
 0.79115385
 0.79214764
 0.79314137
 0.79413515
 0.79512894
 0.7961227
 0.7971165
 0.79811037
 0.79910415
 0.80009794
 0.80109173
 0.8020855
 0.8030793
 0.8040731
 0.8050669
 0.8060607
 0.80705446
 0.80804825
 0.80904204
 0.8100358
 0.8110296
 0.8120234
 0.8130172
 0.814011
 0.81500477
 0.81599855
 0.8169924
 0.8179862
 0.81898
 0.81997377
 0.82096756
 0.82196134
 0.82295513
 0.8239489
 0.8249427
 0.8259365
 0.8269303
 0.8279241
 0.82891786
 0.82991165
 0.83090544
 0.8318992
 0.832893
 0.8338868
 0.8348806
 0.8358744
 0.83686817
 0.83786196
 0.83885574
 0.83984953
 0.8408433
 0.8418371
 0.8428309
 0.8438247
 0.8448185
 0.84581226
 0.84680605
 0.84779984
 0.8487936
 0.8497874
 0.8507812
 0.851775
 0.8527688
 0.85376257
 0.85475636
 0.85575014
 0.85674393
 0.8577377
 0.8587315
 0.8597253
 0.8607191
 0.8617129
 0.86270666
 0.8637005
 0.8646943
 0.8656881
 0.8666818
 0.86767566
 0.86866945
 0.86966324
 0.87065697
 0.8716508
 0.8726446
 0.8736384
 0.8746321
 0.87562597
 0.87661976
 0.87761354
 0.8786073
 0.8796011
 0.8805949
 0.8815887
 0.8825825
 0.8835763
 0.88457006
 0.88556385
 0.88655764
 0.8875514
 0.8885452
 0.889539
 0.8905328
 0.8915266
 0.89252037
 0.89351416
 0.89450794
 0.89550173
 0.8964955
 0.8974893
 0.8984831
 0.8994769
 0.90047073
 0.90146446
 0.90245825
 0.90345204
 0.9044459
 0.9054396
 0.9064334
 0.9074272
 0.90842104
 0.90941477
 0.91040856
 0.91140234
 0.9123962
 0.9133899
 0.9143837
 0.9153775
 0.91637135
 0.91736513
 0.9183589
 0.9193527
 0.9203465
 0.9213403
 0.9223341
 0.92332786
 0.92432165
 0.92531544
 0.9263092
 0.927303
 0.9282968
 0.9292906
 0.9302844
 0.93127817
 0.93227196
 0.93326575
 0.93425953
 0.9352534
 0.93624717
 0.93724096
 0.9382347
 0.93922853
 0.9402223
 0.9412161
 0.94220984
 0.9432037
 0.9441975
 0.94519126
 0.946185
 0.94717884
 0.9481726
 0.9491664
 0.95016015
 0.951154
 0.9521478
 0.95314157
 0.95413536
 0.95512915
 0.95612293
 0.9571167
 0.9581105
 0.9591043
 0.9600981
 0.9610919
 0.96208566
 0.96307945
 0.96407324
 0.965067
 0.9660608
 0.9670546
 0.9680484
 0.9690422
 0.970036
 0.9698565
 0.9696771
 0.9694977
 0.96931833
 0.96913886
 0.96895945
 0.96878004
 0.96860063
 0.9684212
 0.96824175
 0.9680624
 0.967883
 0.9677036
 0.9675241
 0.9673447
 0.9671653
 0.9669858
 0.9668064
 0.966627
 0.9664476
 0.9662682
 0.9660888
 0.96590936
 0.9657299
 0.96555054
 0.96537113
 0.9651917
 0.96501225
 0.96483284
 0.96465343
 0.96447396
 0.96429455
 0.96411514
 0.9639358
 0.9637563
 0.9635769
 0.9633975
 0.96321803
 0.9630387
 0.9628593
 0.96267986
 0.9625004
 0.962321
 0.9621416
 0.9619621
 0.9617827
 0.9616033
 0.96142393
 0.96124446
 0.96106505
 0.96088564
 0.96070623
 0.9605268
 0.9603474
 0.960168
 0.95998853
 0.9598091
 0.9596297
 0.95945024
 0.95927083
 0.9590914
 0.9589121
 0.9587326
 0.9585532
 0.9583738
 0.9581944
 0.95801497
 0.95783556
 0.95765615
 0.95747674
 0.9572973
 0.95711786
 0.9569384
 0.956759
 0.95657957
 0.95640016
 0.95622075
 0.95604134
 0.9558619
 0.9556825
 0.9555031
 0.9553237
 0.9551443
 0.9549649
 0.95478547
 0.954606
 0.95442665
 0.95424724
 0.95406777
 0.9538883
 0.9537089
 0.9535295
 0.95335007
 0.95317066
 0.95299125
 0.95281184
 0.9526324
 0.952453
 0.9522736
 0.95209414
 0.9519148
 0.9517354
 0.9515559
 0.95137644
 0.951197
 0.9510177
 0.9508382
 0.9506588
 0.9504794
 0.9503
 0.95012057
 0.94994116
 0.94976175
 0.9495823
 0.9494029
 0.9492235
 0.94904405
 0.9488646
 0.94868517
 0.9485058
 0.94832635
 0.94814694
 0.9479675
 0.9477881
 0.9476087
 0.9474293
 0.9472499
 0.9470705
 0.94689107
 0.94671166
 0.94653225
 0.9463528
 0.94617337
 0.94599396
 0.9458145
 0.9456351
 0.9454557
 0.94527626
 0.94509685
 0.94491744
 0.94473803
 0.9445586
 0.9443792
 0.94419974
 0.9440204
 0.943841
 0.9436616
 0.9434821
 0.94330263
 0.9431232
 0.9429438
 0.9427644
 0.942585
 0.9424056
 0.9422262
 0.94204676
 0.94186735
 0.9416879
 0.9415084
 0.941329
 0.9411496
 0.94097024
 0.9407908
 0.94061136
 0.94043195
 0.94025254
 0.94007313
 0.9398937
 0.9397143
 0.9395349
 0.9393555
 0.9391761
 0.9389966
 0.93881714
 0.93863773
 0.9384584
 0.9382789
 0.9380995
 0.9379201
 0.9377407
 0.9375613
 0.93738186
 0.93720245
 0.93702304
 0.93684363
 0.9366642
 0.9364848
 0.93630534
 0.936126
 0.9359466
 0.9357672
 0.9355877
 0.93540823
 0.9352288
 0.9350494
 0.93487006
 0.9346906
 0.9345112
 0.9343318
 0.93415236
 0.93397295
 0.9337935
 0.93361413
 0.9334347
 0.9332553
 0.93307585
 0.9328964
 0.93271697
 0.93253756
 0.9323582
 0.93217874
 0.9319993
 0.9318199
 0.9316405
 0.9314611
 0.9312816
 0.9311023
 0.93092287
 0.93074346
 0.930564
 0.9303845
 0.9302051
 0.9300257
 0.92984635
 0.9296669
 0.92948747
 0.92930806
 0.92912865
 0.92894924
 0.92876977
 0.9285904
 0.928411
 0.9282316
 0.9280521
 0.92787266
 0.92769325
 0.92751384
 0.9273344
 0.927155
 0.9269756
 0.9267962
 0.9266168
 0.9264374
 0.9262579
 0.92607856
 0.92589915
 0.92571974
 0.92554027
 0.92536086
 0.92518145
 0.925002
 0.92482257
 0.92464316
 0.9244638
 0.92428434
 0.9241049
 0.9213268
 0.9185487
 0.91577053
 0.91299236
 0.91021425
 0.90743613
 0.904658
 0.9018799
 0.89910173
 0.8963236
 0.8935455
 0.89076734
 0.8879892
 0.8852111
 0.88243294
 0.8796548
 0.8768767
 0.87409854
 0.8713204
 0.8685423
 0.8657642
 0.8629861
 0.8602079
 0.8574298
 0.8546517
 0.8518735
 0.8490954
 0.8463173
 0.8435391
 0.840761
 0.8379829
 0.8352048
 0.83242667
 0.8296485
 0.8268703
 0.8240922
 0.8213141
 0.818536
 0.8157579
 0.8129797
 0.8102015
 0.8074234
 0.8046453
 0.8018672
 0.7990891
 0.79631096
 0.7935328
 0.7907546
 0.7879765
 0.7851984
 0.7824203
 0.77964216
 0.776864
 0.7740858
 0.7713077
 0.7685296
 0.7657515
 0.76297337
 0.76019526
 0.7574171
 0.7546389
 0.7518608
 0.7490827
 0.7463046
 0.74352646
 0.7407483
 0.7379701
 0.735192
 0.7324139
 0.7296358
 0.72685766
 0.72407955
 0.72130144
 0.71852326
 0.7157451
 0.712967
 0.71018887
 0.70741075
 0.70463264
 0.70185447
 0.6990763
 0.6962982
 0.69352007
 0.69074196
 0.68796384
 0.6851857
 0.68240756
 0.67962945
 0.6768513
 0.67407316
 0.67129505
 0.6685169
 0.66573876
 0.66296065
 0.6601825
 0.65740436
 0.65462625
 0.6518481
 0.64906996
 0.64629185
 0.64351374
 0.6407356
 0.63795745
 0.6351793
 0.63240117
 0.62962306
 0.62684494
 0.6240668
 0.6212887
 0.6185106
 0.61573243
 0.61295426
 0.61017615
 0.60739803
 0.6046199
 0.6018418
 0.59906363
 0.5962855
 0.5935074
 0.59072924
 0.5879511
 0.585173
 0.58239484
 0.5796167
 0.5768386
 0.57406044
 0.5712823
 0.5685042
 0.56572604
 0.5629479
 0.5601698
 0.55739164
 0.55461353
 0.5518354
 0.54905725
 0.54627913
 0.543501
 0.54072285
 0.53794473
 0.5351666
 0.53238845
 0.52961034
 0.5268322
 0.5240541
 0.521276
 0.5184978
 0.5157197
 0.5129416
 0.5101634
 0.5073853
 0.5046072
 0.501829
 0.49905092
 0.4962728
 0.49349466
 0.49071652
 0.4879384
 0.4851603
 0.48238215
 0.479604
 0.47682586
 0.47404772
 0.4712696
 0.4684915
 0.46571335
 0.4629352
 0.4601571
 0.45737898
 0.45460084
 0.4518227
 0.4490446
 0.44626644
 0.4434883
 0.4407102
 0.43793204
 0.4351539
 0.4323758
 0.42959768
 0.42681953
 0.4240414
 0.42126328
 0.41848513
 0.415707
 0.41292888
 0.41015077
 0.40737262
 0.40459448
 0.40181634
 0.3990382
 0.39626008
 0.39348197
 0.39070383
 0.38792568
 0.38514757
 0.38236943
 0.3795913
 0.37681317
 0.37403506
 0.37125692
 0.36847878
 0.36570063
 0.3629225
 0.36014438
 0.35736626
 0.35458812
 0.35180998
 0.34903187
 0.34625375
 0.3434756
 0.34069747
 0.33791935
 0.3351412
 0.33236307
 0.32958496
 0.3268068
 0.32402867
 0.32125056
 0.31847242
 0.31569427
 0.31291616
 0.31013805
 0.3073599
 0.30458176
 0.30180365
 0.2990255
 0.29624736
 0.29346925
 0.29069114
 0.287913
 0.28513485
 0.28235674
 0.2795786
 0.27680045
 0.27402234
 0.2712442
 0.26846606
 0.26568794
 0.2629098
 0.26013166
 0.25735354
 0.25457543
 0.2517973
 0.24901916
 0.24624103
 0.24346289
 0.24068475
 0.23790662
 0.23512849
 0.23235036
 0.22957224
 0.22679411
 0.22401598
 0.22123784
 0.21845971
 0.21568158
 0.21290345
 0.21489017
 0.21687688
 0.2188636
 0.22085032
 0.22283703
 0.22482374
 0.22681046
 0.22879717
 0.23078388
 0.23277059
 0.23475732
 0.23674405
 0.23873076
 0.24071747
 0.24270418
 0.2446909
 0.2466776
 0.24866432
 0.25065103
 0.25263774
 0.25462446
 0.25661117
 0.25859788
 0.2605846
 0.26257133
 0.26455805
 0.26654476
 0.26853147
 0.27051818
 0.2725049
 0.2744916
 0.27647832
 0.27846503
 0.28045177
 0.2824385
 0.2844252
 0.2864119
 0.28839862
 0.29038534
 0.29237205
 0.29435876
 0.29634547
 0.29833218
 0.3003189
 0.3023056
 0.30429232
 0.30627906
 0.30826578
 0.3102525
 0.3122392
 0.3142259
 0.31621262
 0.31819934
 0.32018608
 0.3221728
 0.3241595
 0.32614622
 0.32813293
 0.33011964
 0.33210635
 0.33409306
 0.33607978
 0.3380665
 0.3400532
 0.3420399
 0.34402663
 0.34601334
 0.34800005
 0.3499868
 0.3519735
 0.35396022
 0.35594693
 0.35793364
 0.35992035
 0.36190706
 0.3638938
 0.36588052
 0.36786723
 0.36985394
 0.37184066
 0.37382737
 0.37581408
 0.3778008
 0.3797875
 0.38177422
 0.38376093
 0.38574764
 0.38773435
 0.3897211
 0.3917078
 0.39369452
 0.39568123
 0.39766794
 0.3996547
 0.40164137
 0.40362808
 0.4056148
 0.40760154
 0.40958825
 0.41157496
 0.41356167
 0.41554838
 0.4175351
 0.4195218
 0.42150852
 0.42349523
 0.42548198
 0.4274687
 0.4294554
 0.43144208
 0.43342882
 0.43541554
 0.43740225
 0.43938896
 0.44137567
 0.4433624
 0.4453491
 0.4473358
 0.44932252
 0.45130926
 0.45329595
 0.45528266
 0.45726937
 0.4592561
 0.46124282
 0.46322954
 0.46521625
 0.46720296
 0.4691897
 0.47117642
 0.47316313
 0.4751498
 0.47713655
 0.47912326
 0.48110998
 0.4830967
 0.4850834
 0.48707014
 0.48905683
 0.49104354
 0.49303025
 0.495017
 0.49700367
 0.4989904
 0.5009771
 0.50296384
 0.5049505
 0.50693727
 0.508924
 0.5109107
 0.5128974
 0.5148841
 0.51687086
 0.51885754
 0.5208443
 0.522831
 0.5248177
 0.5268044
 0.5287911
 0.5307779
 0.53276455
 0.5347513
 0.53673804
 0.5387247
 0.5407114
 0.54269814
 0.5446849
 0.54667157
 0.54865825
 0.550645
 0.55263174
 0.5546184
 0.5566051
 0.55859184
 0.5605786
 0.56256527
 0.564552
 0.56653875
 0.56852543
 0.5705122
 0.57249886
 0.57448554
 0.5764723
 0.578459
 0.58044577
 0.58243245
 0.58441913
 0.5864059
 0.58839256
 0.59037924
 0.592366
 0.5943527
 0.59633946
 0.59832615
 0.6003128
 0.6022996
 0.6042863
 0.60627306
 0.60825974
 0.6102464
 0.61223316
 0.61421984
 0.6162066
 0.6181933
 0.62018
 0.62216675
 0.62415344
 0.6261401
 0.62812686
 0.6301136
 0.63210034
 0.634087
 0.6360737
 0.63806045
 0.6400472
 0.64203393
 0.6440206
 0.6460073
 0.64799404
 0.6499807
 0.65196747
 0.6539542
 0.6559409
 0.65792763
 0.6599143
 0.661901
 0.66388774
 0.6658745
 0.6678612
 0.6698479
 0.6718346
 0.67382133
 0.675808
 0.6777947
 0.67978144
 0.6817682
 0.6837549
 0.6857416
 0.6877283
 0.689715
 0.69170177
 0.6936885
 0.6956752
 0.6976619
 0.6996486
 0.7016353
 0.70362204
 0.7056088
 0.70759547
 0.7095822
 0.7115689
 0.7135556
 0.7155423
 0.71752906
 0.7195158
 0.7215025
 0.7209692
 0.72043586
 0.7199025
 0.7193692
 0.7188359
 0.7183026
 0.71776927
 0.7172359
 0.7167026
 0.7161693
 0.71563596
 0.7151026
 0.71456933
 0.71403605
 0.7135027
 0.71296936
 0.7124361
 0.71190274
 0.7113694
 0.71083605
 0.7103027
 0.7097694
 0.70923615
 0.7087028
 0.70816946
 0.7076362
 0.7071029
 0.70656955
 0.7060362
 0.70550287
 0.7049696
 0.7044363
 0.70390296
 0.7033696
 0.7028363
 0.702303
 0.70176965
 0.7012363
 0.700703
 0.70016974
 0.6996364
 0.69910306
 0.6985698
 0.69803643
 0.6975031
 0.69696975
 0.6964364
 0.6959031
 0.69536984
 0.6948365
 0.69430315
 0.6937699
 0.6932366
 0.69270325
 0.6921699
 0.69163656
 0.6911033
 0.69057
 0.69003665
 0.6895033
 0.68896997
 0.6884367
 0.68790334
 0.68737
 0.6868367
 0.6863034
 0.68577003
 0.68523675
 0.68470347
 0.6841701
 0.6836368
 0.68310344
 0.6825701
 0.6820368
 0.68150353
 0.6809702
 0.68043685
 0.67990357
 0.6793703
 0.67883694
 0.6783036
 0.67777026
 0.6772369
 0.67670363
 0.67617035
 0.675637
 0.67510366
 0.6745704
 0.67403704
 0.6735037
 0.6729704
 0.6724371
 0.6719037
 0.67137045
 0.67083716
 0.6703038
 0.6697705
 0.66923714
 0.66870385
 0.6681706
 0.6676372
 0.6671039
 0.66657054
 0.66603726
 0.665504
 0.66497064
 0.6644373
 0.66390395
 0.6633706
 0.6628373
 0.66230404
 0.6617707
 0.66123736
 0.660704
 0.66017073
 0.65963745
 0.6591041
 0.65857077
 0.6580374
 0.65750414
 0.65697086
 0.6564375
 0.6559042
 0.65537083
 0.65483755
 0.65430427
 0.6537709
 0.6532376
 0.65270424
 0.6521709
 0.6516376
 0.65110433
 0.650571
 0.65003765
 0.6495043
 0.648971
 0.64843774
 0.6479044
 0.64737105
 0.6468377
 0.6463044
 0.64577115
 0.6452378
 0.64470446
 0.6441711
 0.64363784
 0.64310455
 0.6425712
 0.64203787
 0.6415045
 0.6409712
 0.6404379
 0.6399046
 0.6393713
 0.63883793
 0.6383046
 0.6377713
 0.637238
 0.6367047
 0.63617134
 0.635638
 0.6351047
 0.63457143
 0.6340381
 0.63350475
 0.6329714
 0.6324381
 0.63190484
 0.6313715
 0.63083816
 0.6303048
 0.62977153
 0.62923825
 0.6287049
 0.62817156
 0.6276382
 0.6271049
 0.6265716
 0.6260383
 0.625505
 0.6249716
 0.6244383
 0.62390494
 0.62337166
 0.6228384
 0.62230504
 0.6217717
 0.6212384
 0.6207051
 0.6201718
 0.61963844
 0.61910516
 0.6185719
 0.61803854
 0.6175052
 0.61697185
 0.6164385
 0.6159052
 0.61537194
 0.6148386
 0.61430526
 0.6137719
 0.6132386
 0.6127053
 0.612172
 0.61163867
 0.6111053
 0.610572
 0.61003864
 0.60950536
 0.6089721
 0.60843873
 0.6079054
 0.6073721
 0.6068388
 0.6063055
 0.60577214
 0.60523885
 0.6047055
 0.60417217
 0.6036389
 0.60310555
 0.6025722
 0.60203886
 0.6015056
 0.6009723
 0.60043895
 0.5999056
 0.59937227
 0.598839
 0.5983057
 0.59777236
 0.597239
 0.5967057
 0.5961724
 0.5956391
 0.59510577
 0.5945724
 0.5940391
 0.5935058
 0.59297246
 0.5924391
 0.59190583
 0.59137255
 0.5908392
 0.59030586
 0.5897726
 0.58923924
 0.5887059
 0.58817255
 0.5876393
 0.587106
 0.58657265
 0.5860393
 0.58550596
 0.5849727
 0.5834235
 0.5818743
 0.5803251
 0.578776
 0.5772268
 0.57567763
 0.5741285
 0.5725793
 0.57103014
 0.56948096
 0.5679318
 0.56638265
 0.56483346
 0.5632843
 0.56173515
 0.56018597
 0.5586368
 0.5570876
 0.5555384
 0.5539893
 0.5524401
 0.5508909
 0.5493418
 0.5477926
 0.5462434
 0.54469424
 0.54314506
 0.5415959
 0.5400467
 0.53849757
 0.5369484
 0.5353992
 0.5338501
 0.5323009
 0.5307517
 0.5292025
 0.52765334
 0.5261042
 0.524555
 0.52300584
 0.52145666
 0.5199075
 0.51835835
 0.51680917
 0.51526
 0.5137108
 0.5121616
 0.5106125
 0.5090633
 0.5075141
 0.505965
 0.5044158
 0.5028666
 0.50131744
 0.4997683
 0.49821913
 0.49666995
 0.49512076
 0.49357158
 0.49202242
 0.49047327
 0.4889241
 0.4873749
 0.48582575
 0.48427656
 0.48272738
 0.48117822
 0.47962904
 0.47807986
 0.4765307
 0.47498155
 0.47343236
 0.47188318
 0.47033402
 0.46878487
 0.46723568
 0.4656865
 0.46413735
 0.4625882
 0.461039
 0.45948982
 0.45794067
 0.4563915
 0.45484233
 0.45329314
 0.451744
 0.45019484
 0.44864565
 0.44709647
 0.44554728
 0.4439981
 0.44244894
 0.4408998
 0.4393506
 0.43780142
 0.43625227
 0.4347031
 0.43315393
 0.43160474
 0.4300556
 0.42850643
 0.42695725
 0.42540807
 0.4238589
 0.42230976
 0.42076057
 0.4192114
 0.41766223
 0.41611308
 0.4145639
 0.4130147
 0.41146556
 0.4099164
 0.40836722
 0.40681803
 0.40526885
 0.40371966
 0.4021705
 0.40062135
 0.39907217
 0.397523
 0.39597383
 0.39442468
 0.3928755
 0.3913263
 0.38977715
 0.388228
 0.3866788
 0.38512963
 0.38358048
 0.38203132
 0.38048214
 0.37893295
 0.3773838
 0.37583464
 0.37428546
 0.37273628
 0.37118712
 0.36963797
 0.36808878
 0.3665396
 0.3649904
 0.36344123
 0.36189204
 0.3603429
 0.35879374
 0.35724455
 0.35569537
 0.3541462
 0.35259706
 0.35104787
 0.3494987
 0.34794953
 0.34640038
 0.3448512
 0.343302
 0.34175286
 0.3402037
 0.33865452
 0.33710533
 0.33555615
 0.334007
 0.33245784
 0.33090866
 0.32935947
 0.32781032
 0.32626116
 0.32471198
 0.3231628
 0.32161364
 0.32006449
 0.3185153
 0.31696612
 0.31541693
 0.31386778
 0.31231862
 0.31076944
 0.30922025
 0.30767107
 0.30612192
 0.30457276
 0.30302358
 0.3014744
 0.29992524
 0.29837608
 0.2968269
 0.2952777
 0.29372853
 0.29217938
 0.29063022
 0.28908104
 0.28753185
 0.2859827
 0.28443354
 0.28288436
 0.28133518
 0.27978602
 0.27823687
 0.27668768
 0.2751385
 0.2735893
 0.27204016
 0.270491
 0.26894182
 0.26739264
 0.26584348
 0.26429433
 0.26274514
 0.26119596
 0.2596468
 0.25809765
 0.25654846
 0.25499928
 0.25345013
 0.25190097
 0.2503518
 0.2488026
 0.24725343
 0.24570426
 0.2441551
 0.24260592
 0.24105674
 0.23950757
 0.2379584
 0.23640923
 0.23486006
 0.2333109
 0.23176172
 0.23021255
 0.22866338
 0.2271142
 0.22556503
 0.22401586
 0.22246669
 0.22091752
 0.21936834
 0.21781917
 0.21627
 0.21472083
 0.21317166
 0.21162249
 0.21007332
 0.20852415
 0.20697498
 0.20542581
 0.20387664
 0.20232747
 0.2007783
 0.19922914
 0.19767997
 0.19613078
 0.19458161
 0.19303244
 0.19148327
 0.1899341
 0.18838494
 0.18830067
 0.18821639
 0.1881321
 0.18804783
 0.18796355
 0.18787926
 0.18779498
 0.18771072
 0.18762645
 0.18754217
 0.18745789
 0.18737361
 0.18728933
 0.18720505
 0.18712077
 0.1870365
 0.18695223
 0.18686795
 0.18678367
 0.18669939
 0.18661511
 0.18653083
 0.18644655
 0.18636228
 0.18627802
 0.18619373
 0.18610945
 0.18602519
 0.18594092
 0.18585664
 0.18577236
 0.18568808
 0.1856038
 0.18551952
 0.18543524
 0.18535097
 0.1852667
 0.18518242
 0.18509814
 0.18501386
 0.18492958
 0.1848453
 0.18476102
 0.18467675
 0.18459249
 0.1845082
 0.18442392
 0.18433964
 0.18425536
 0.18417108
 0.1840868
 0.18400253
 0.18391827
 0.18383399
 0.1837497
 0.18366542
 0.18358114
 0.18349686
 0.18341258
 0.18332832
 0.18324405
 0.18315977
 0.18307549
 0.1829912
 0.18290693
 0.18282264
 0.18273836
 0.1826541
 0.18256983
 0.18248555
 0.18240127
 0.18231699
 0.18223271
 0.18214843
 0.18206415
 0.18197988
 0.18189561
 0.18181133
 0.18172705
 0.18164279
 0.18155852
 0.18147424
 0.18138996
 0.18130568
 0.1812214
 0.18113711
 0.18105283
 0.18096855
 0.18088429
 0.18080002
 0.18071574
 0.18063146
 0.18054718
 0.1804629
 0.18037862
 0.18029435
 0.18021008
 0.1801258
 0.18004152
 0.17995724
 0.17987296
 0.17978868
 0.1797044
 0.17962013
 0.17953587
 0.17945158
 0.1793673
 0.17928302
 0.17919874
 0.17911446
 0.17903018
 0.17894591
 0.17886165
 0.17877737
 0.17869309
 0.1786088
 0.17852452
 0.17844026
 0.17835599
 0.17827171
 0.17818743
 0.17810315
 0.17801887
 0.17793459
 0.1778503
 0.17776604
 0.17768177
 0.1775975
 0.17751321
 0.17742893
 0.17734465
 0.17726037
 0.17717609
 0.17709182
 0.17700756
 0.17692327
 0.176839
 0.17675471
 0.17667043
 0.17658615
 0.17650189
 0.17641762
 0.17633334
 0.17624906
 0.17616478
 0.1760805
 0.17599621
 0.17591195
 0.17582768
 0.1757434
 0.17565912
 0.17557484
 0.17549056
 0.17540628
 0.175322
 0.17523773
 0.17515346
 0.17506918
 0.1749849
 0.17490062
 0.17481634
 0.17473206
 0.17464778
 0.17456351
 0.17447925
 0.17439497
 0.17431068
 0.1742264
 0.17414212
 0.17405786
 0.17397358
 0.1738893
 0.17380503
 0.17372075
 0.17363647
 0.17355219
 0.1734679
 0.17338364
 0.17329937
 0.17321509
 0.17313081
 0.17304653
 0.17296225
 0.17287797
 0.17279369
 0.17270942
 0.17262515
 0.17254087
 0.17245659
 0.17237231
 0.17228803
 0.17220376
 0.17211948
 0.1720352
 0.17195094
 0.17186666
 0.17178237
 0.17169811
 0.17161383
 0.17152955
 0.17144527
 0.17136098
 0.17127672
 0.17119244
 0.17110816
 0.17102389
 0.17093961
 0.17085533
 0.17077105
 0.17068677
 0.1706025
 0.17051822
 0.17043394
 0.17034967
 0.17026539
 0.17018111
 0.17009683
 0.17001255
 0.16992828
 0.169844
 0.16975972
 0.16967545
 0.16959117
 0.1695069
 0.16942261
 0.16933833
 0.16925406
 0.16916978
 0.16908552
 0.16900125
 0.16891697
 0.16883269
 0.16874841
 0.16866413
 0.16857985
 0.16849558
 0.16841131
 0.16832703
 0.16824275
 0.16815847
 0.16807419
 0.16798991
 0.16790563
 0.16782136
 0.1677371
 0.16765282
 0.16756853
 0.16748425
 0.16739997
 0.16731569
 0.16723141
 0.16714714
 0.16706288
 0.1669786
 0.16689432
 0.16681004
 0.16846271
 0.17011538
 0.17176805
 0.17342073
 0.1750734
 0.17672607
 0.17837875
 0.18003142
 0.18168409
 0.18333676
 0.18498944
 0.18664211
 0.18829478
 0.18994746
 0.19160013
 0.1932528
 0.19490547
 0.19655815
 0.19821082
 0.1998635
 0.20151617
 0.20316884
 0.20482151
 0.20647418
 0.20812686
 0.20977953
 0.2114322
 0.21308488
 0.21473755
 0.21639022
 0.2180429
 0.21969557
 0.22134824
 0.22300091
 0.22465359
 0.22630626
 0.22795893
 0.2296116
 0.23126428
 0.23291695
 0.23456962
 0.2362223
 0.23787497
 0.23952764
 0.24118032
 0.24283299
 0.24448566
 0.24613833
 0.247791
 0.24944368
 0.25109637
 0.25274903
 0.25440168
 0.25605437
 0.25770706
 0.25935972
 0.26101238
 0.26266506
 0.26431775
 0.2659704
 0.26762307
 0.26927575
 0.27092844
 0.2725811
 0.27423376
 0.27588645
 0.27753913
 0.2791918
 0.28084445
 0.28249714
 0.28414983
 0.28580248
 0.28745514
 0.28910783
 0.29076052
 0.29241318
 0.29406583
 0.29571852
 0.2973712
 0.29902387
 0.30067652
 0.3023292
 0.3039819
 0.30563456
 0.30728722
 0.3089399
 0.3105926
 0.31224525
 0.3138979
 0.3155506
 0.31720328
 0.31885594
 0.3205086
 0.3221613
 0.32381397
 0.32546663
 0.3271193
 0.32877198
 0.33042467
 0.33207732
 0.33372998
 0.33538267
 0.33703536
 0.33868802
 0.34034067
 0.34199336
 0.34364605
 0.3452987
 0.34695137
 0.34860405
 0.35025674
 0.3519094
 0.35356206
 0.35521474
 0.35686743
 0.3585201
 0.36017275
 0.36182544
 0.36347812
 0.36513078
 0.36678344
 0.36843613
 0.37008882
 0.37174147
 0.37339413
 0.37504682
 0.29301322
