 12.733329772949219
 	11.799997329711914
 	12.733329772949219
 	11.799997329711914

 12.783984184265137
 	11.650703430175781
 	12.733329772949219
	11.799997329711914

 12.8010835647583
 	11.601173400878906
 	12.750105628743768
 	11.75011482089758

 12.81839656829834
 	11.551877975463867
 	12.767099862918258
 	11.700467307120562

 12.835922241210938
 	11.502817153930664
 	12.784311870113015
 	11.651054739952087

 12.853659629821777
 	11.45398998260498
 	12.801740445196629
 	11.601877022534609

 12.889554023742676
 	11.356804847717285
 	12.819384396076202
 	11.552934058010578

 12.925864219665527
 	11.260087013244629
 	12.837242536246777
 	11.504225753247738

 12.94422435760498
 	11.211962699890137
 	12.855313695967197
 	11.45575201511383

 12.981354713439941
	11.116181373596191
 	12.873596712946892
 	11.407512754201889

 12.981354713439941
 	11.116181373596191
 	12.892090434208512
 	11.359507884830236

 13.019293785095215
 	11.021334648132324
 	12.910793719813228
 	11.311737317591906

 13.03846263885498
 	10.974143981933594
 	12.929705437272787
 	11.26420097053051

