 12.733329772949219
 11.799997329711914
 12.733329772949219
 11.799997329711914

 12.851523399353027
 11.451644897460938
 12.733496461471077
 11.799497353145853

 12.86861801147461
 11.402113914489746
 12.733663171820808
 11.798997400095686

 12.90322494506836
 11.303521156311035
 12.733829904012964
 11.798497470503207

 12.90322494506836
 11.303521156311035
 12.733996658032993
 11.797997564426623

 12.938657760620117
 11.205862998962402
 12.734163433895446
 11.797497681807727

 12.956579208374023
 11.157267570495605
 12.734330231585773
 11.796997822646517

 12.974703788757324
 11.108905792236328
 12.734497051118524
 11.796497987001203

 12.993029594421387
 11.060776710510254
 12.734663892479148
 11.795998174813576

 13.011556625366211
 11.0128812789917
 12.734830755682196
 11.795498386141844

 13.030282974243164
 10.965218544006348
 12.734997640713118
 11.7949986209278

 13.049208641052246
 10.9177885055542
 12.735164547586464
 11.79449887922965

 13.068331718444824
 10.87059211730957
 12.735331476287683
 11.793999160989188

